# vtk DataFile Version 3.0
MachLine results file. Generated by MachLine, USU AeroLab (c) 2023.
ASCII
DATASET POLYDATA
POINTS                   6 float
  0.567036768980E+00  0.000000000000E+00  0.000000000000E+00
  0.283518384490E+00  0.000000000000E+00 -0.291561459230E-01
  0.283518384490E+00  0.176355406690E+01  0.000000000000E+00
  0.000000000000E+00  0.000000000000E+00  0.000000000000E+00
  0.283518384490E+00  0.000000000000E+00  0.291561459230E-01
  0.283518384490E+00 -0.176355406690E+01  0.000000000000E+00
POLYGONS                   8                  32
3                   0                   1                   2
3                   1                   3                   2
3                   3                   4                   2
3                   4                   0                   2
3                   0                   5                   1
3                   1                   5                   3
3                   3                   5                   4
3                   4                   5                   0
CELL_DATA                   8
NORMALS normals float
  0.102283551729E+00  0.164436508585E-01 -0.994619365080E+00
 -0.102283551729E+00  0.164436508585E-01 -0.994619365080E+00
 -0.102283551729E+00  0.164436508585E-01  0.994619365080E+00
  0.102283551729E+00  0.164436508585E-01  0.994619365080E+00
  0.102283551729E+00 -0.164436508585E-01 -0.994619365080E+00
 -0.102283551729E+00 -0.164436508585E-01 -0.994619365080E+00
 -0.102283551729E+00 -0.164436508585E-01  0.994619365080E+00
  0.102283551729E+00 -0.164436508585E-01  0.994619365080E+00
SCALARS inclination float 1
LOOKUP_TABLE default
  0.100000000000E+01
  0.100000000000E+01
  0.100000000000E+01
  0.100000000000E+01
  0.100000000000E+01
  0.100000000000E+01
  0.100000000000E+01
  0.100000000000E+01
SCALARS distribution_order float 1
LOOKUP_TABLE default
  0.100000000000E+01
  0.100000000000E+01
  0.100000000000E+01
  0.100000000000E+01
  0.100000000000E+01
  0.100000000000E+01
  0.100000000000E+01
  0.100000000000E+01
SCALARS N_discontinuous_edges float 1
LOOKUP_TABLE default
  0.200000000000E+01
  0.200000000000E+01
  0.200000000000E+01
  0.200000000000E+01
  0.200000000000E+01
  0.200000000000E+01
  0.200000000000E+01
  0.200000000000E+01
VECTORS centroid float
  0.378024512653E+00  0.587851355633E+00 -0.971871530767E-02
  0.189012256327E+00  0.587851355633E+00 -0.971871530767E-02
  0.189012256327E+00  0.587851355633E+00  0.971871530767E-02
  0.378024512653E+00  0.587851355633E+00  0.971871530767E-02
  0.378024512653E+00 -0.587851355633E+00 -0.971871530767E-02
  0.189012256327E+00 -0.587851355633E+00 -0.971871530767E-02
  0.189012256327E+00 -0.587851355633E+00  0.971871530767E-02
  0.378024512653E+00 -0.587851355633E+00  0.971871530767E-02
SCALARS C_p_inc float 1
LOOKUP_TABLE default
 -0.827817628068E+00
 -0.827817628068E+00
 -0.827817628068E+00
 -0.827817628068E+00
 -0.827817628068E+00
 -0.827817628068E+00
 -0.827817628068E+00
 -0.827817628068E+00
SCALARS sigma float 1
LOOKUP_TABLE default
  0.000000000000E+00
  0.000000000000E+00
  0.000000000000E+00
  0.000000000000E+00
  0.000000000000E+00
  0.000000000000E+00
  0.000000000000E+00
  0.000000000000E+00
VECTORS v float
  0.121524312515E+01 -0.350360672913E-01  0.591417152970E+00
  0.121524312515E+01  0.350360672913E-01 -0.591417152970E+00
  0.121524312515E+01  0.350360672913E-01  0.591417152970E+00
  0.121524312515E+01 -0.350360672913E-01 -0.591417152970E+00
  0.121524312515E+01  0.350360672913E-01  0.591417152970E+00
  0.121524312515E+01 -0.350360672913E-01 -0.591417152970E+00
  0.121524312515E+01 -0.350360672913E-01  0.591417152970E+00
  0.121524312515E+01  0.350360672913E-01 -0.591417152970E+00
VECTORS v_inner float
 -0.506927857026E+01 -0.243542838847E-01 -0.546868491938E-01
 -0.506927857026E+01  0.243542838847E-01  0.546868491938E-01
 -0.506927857026E+01  0.243542838847E-01 -0.546868491938E-01
 -0.506927857026E+01 -0.243542838847E-01  0.546868491938E-01
 -0.506927857026E+01  0.243542838847E-01 -0.546868491938E-01
 -0.506927857026E+01 -0.243542838847E-01  0.546868491938E-01
 -0.506927857026E+01 -0.243542838847E-01 -0.546868491938E-01
 -0.506927857026E+01  0.243542838847E-01  0.546868491938E-01
VECTORS dC_f float
  0.212825454030E-01  0.342149583262E-02 -0.206954407020E+00
 -0.212825454030E-01  0.342149583262E-02 -0.206954407020E+00
 -0.212825454030E-01  0.342149583262E-02  0.206954407020E+00
  0.212825454030E-01  0.342149583262E-02  0.206954407020E+00
  0.212825454030E-01 -0.342149583262E-02 -0.206954407020E+00
 -0.212825454030E-01 -0.342149583262E-02 -0.206954407020E+00
 -0.212825454030E-01 -0.342149583262E-02  0.206954407020E+00
  0.212825454030E-01 -0.342149583262E-02  0.206954407020E+00
POINT_DATA                   6
SCALARS mu float 1
LOOKUP_TABLE default
  0.180061534094E+01
 -0.889393580690E-15
 -0.628750287317E-19
 -0.180061534094E+01
 -0.575083286246E-15
 -0.108955332269E-18
SCALARS Phi_u float 1
LOOKUP_TABLE default
  0.180061534094E+01
 -0.889393580690E-15
 -0.628750287317E-19
 -0.180061534094E+01
 -0.575083286246E-15
 -0.108955332269E-18
VECTORS vertex_outward_normal_vectors float
  0.100000000000E+01 -0.762462514261E-13  0.154587222330E-06
 -0.348821575135E-16  0.283136268509E-06 -0.100000000000E+01
 -0.210990064300E-14  0.100000000000E+01  0.000000000000E+00
 -0.100000000000E+01 -0.762420929230E-13  0.154587222330E-06
 -0.348821578370E-16 -0.283136252770E-06  0.100000000000E+01
 -0.210990064300E-14 -0.100000000000E+01 -0.566932989004E-06
VECTORS CFx_sensitivities_central_diff float
  0.110911185203E+00  0.451028103754E-10 -0.189084858881E-09
 -0.923453138471E-01 -0.745931094670E-09  0.215105711021E-09
 -0.185658776703E-01 -0.693889390391E-11  0.372965547335E-09
  0.110911191439E+00  0.255004350969E-09 -0.693889390391E-10
 -0.923453144421E-01  0.489192020225E-09 -0.438885039422E-09
 -0.185658777917E-01  0.270616862252E-09 -0.624500451352E-10
VECTORS CFy_sensitivities_central_diff float
  0.150053580672E-09 -0.476546977725E-02  0.477048955894E-11
 -0.199493199737E-10  0.473843943618E-02 -0.346944695195E-11
 -0.255871712707E-10  0.270303686118E-04 -0.112757025938E-10
  0.728583859910E-10 -0.476546978875E-02  0.238524477947E-11
  0.433680868994E-12  0.473843943098E-02 -0.123599047663E-10
  0.368628738645E-11  0.270303694792E-04 -0.117093834628E-10
VECTORS CFz_sensitivities_central_diff float
 -0.208166817117E-08  0.220656826144E-08  0.678292189088E+01
 -0.360822483003E-09  0.310862446895E-08 -0.677533409624E+01
  0.388578058619E-09 -0.388578058619E-09 -0.758779203358E-02
  0.847932835057E-08 -0.471844785466E-09  0.678292189019E+01
 -0.177635683940E-08  0.113797860024E-08 -0.677533409549E+01
 -0.136002320517E-08 -0.194289029309E-09 -0.758779052090E-02
SCALARS convex float 1
LOOKUP_TABLE default
  0.100000000000E+01
  0.100000000000E+01
  0.100000000000E+01
  0.100000000000E+01
  0.100000000000E+01
  0.100000000000E+01
