0.14713408359276742,0.1469051873611959
0.20020174443243563,0.18413124268804118
0.2004564338276591,0.22129154187280084
0.45112946615252797,0.47981769679728603
0.6278022828756936,0.6831353698645972
0.5153979493483197,0.5629500918514624
0.3498696628419239,0.37698493015595136
0.27012423724905,0.29827307010529536
0.22212288274056438,0.22000463706304363
0.24228010633207792,0.2581140311971696
0.26622838080425454,0.263899017333287
0.1896900942660827,0.19771758074511864
0.17512219416463848,0.17494734371736584
0.13488478428902761,0.118761887476296
0.12430566714231131,0.1205992798068075
0.12681117876633058,0.10319353415061322
0.11222874039858849,0.10317377985176733
0.10340618834496446,0.09381254942120315
0.08380770836497026,0.06465545510837004
0.08590088432407754,0.08328034806011997
0.07797723515019556,0.07610557400767404
0.08133577658665413,0.07194331889008038
0.07762907324934942,0.07484829947902161
0.0771402461267847,0.07127619251031164
0.07474847408670612,0.08030621773592461
0.08714920003200541,0.07485238074513482
0.07119241754628018,0.06499147509536266
0.06896742382517,0.06694690382291434
0.08118540295408645,0.06985913573684305
0.08256408587533812,0.07601110133933152
0.0797623314384178,0.07734813781919152
0.08587433876572702,0.07214492301575569
0.08146784472556168,0.09078432563930564
0.10333588292207763,0.09917563313180838
0.10120212474926492,0.08958768819599379
0.11324631026975812,0.11735345158051938
0.11582176742897833,0.11122618558725793
0.13785420370264037,0.14823885439789697
0.15911431530417974,0.1740044228125446
0.1878197764860783,0.19597363704115478
0.25321234994276753,0.24310534607210493
0.25700209051386097,0.2796784864343906
0.1938478067633331,0.2013648307889311
0.2804464945118854,0.2695814944308633
0.3600444875194494,0.38664179865145687
0.486797704253741,0.5326117775445671
0.5946191858359242,0.6480175859963561
0.6679528740735201,0.7069629425250056
0.19234587645639833,0.2213094811430433
0.17253529510634547,0.19583602440376596
0.19231773543652986,0.20415023049152484
0.2342245336635815,0.2579074667455981
0.3855205902850056,0.3907148635978172
0.5245636801251456,0.5987636937288545
0.552013273008663,0.5811588215245628
0.37747085996803076,0.405812074016663
0.29116041877403176,0.30967180204238076
0.23681416356681248,0.25262526322750334
0.22768962632970743,0.2377048193898781
0.29890441653820343,0.33002862253329873
0.19376063451370504,0.20653720206807077
0.14993477685626647,0.17126504833950057
0.13344395061818887,0.14825745528980772
0.11760490454550232,0.13468596414698605
0.09772500949390223,0.10301987825329087
0.10542016887420975,0.10271298515889994
0.10871182065902055,0.10779255914655836
0.09481842816751172,0.0911686493350191
0.08164130708220131,0.08490122270848213
0.0731247401539552,0.08043248193727776
0.08244602265055327,0.06291935772062068
0.064004509448342,0.07321072451374704
0.06782672431081646,0.0790051207045911
0.0702325472322477,0.07889616482274162
0.07786422185702675,0.06065255346461566
0.08035876397250227,0.07268139628783028
0.08756764064642321,0.06387771401556937
0.07059989580961663,0.06516412144474351
0.0703226735528691,0.07766431853025531
0.07321265264213403,0.072996510919801
0.07328953298602749,0.07380186700867276
0.08056623390705686,0.07511947228540494
0.07517772012430747,0.0972539507644025
0.09668681754754622,0.07996462904217713
0.10845287674091307,0.09720880628771607
0.10965132463789058,0.09154612191892476
0.09649534581074305,0.10559793148195966
0.11540213957560072,0.12426065191863227
0.14739011113127073,0.14808631504164774
0.16495634666507725,0.17453644648336597
0.16677661668077265,0.20973281894246476
0.2733631759407426,0.28014053060084837
0.2191338936711035,0.2266109343389602
0.2217197901338941,0.22654053526096032
0.2535582223211725,0.25525264243502854
0.3422494960734784,0.3688170126851671
0.4964204956281324,0.5019860330305868
0.615681604858219,0.6497511602210694
0.607265433026054,0.6892838872963766
0.2080621513040355,0.2260731601035367
0.19086891778187093,0.2299736815670876
0.2564953681337749,0.2980990204020605
0.5751968231889328,0.6425434265285993
0.5204974928459029,0.5634894215149123
0.4080112856170935,0.4501624956258324
0.272620056803214,0.2900134047695756
0.23352896969510956,0.26189528054015454
0.21729747747364433,0.23274220981810403
0.2639791135163019,0.29038943684567015
0.20321098428732431,0.22526131870417743
0.15588844297301044,0.18224483845268455
0.15391086549597802,0.15626663924074052
0.1381625218463436,0.13625736004434172
0.12427004268034217,0.11730583596187497
0.1049721308652605,0.1110471032935481
0.09486776190961518,0.11350115550094639
0.08244552902268787,0.09909809082284596
0.08898309669022701,0.08159192754404214
0.08554887446596522,0.08027206341772546
0.07590917767557645,0.06959985947882437
0.06941227217107557,0.05974316614016415
0.05523974629795347,0.06842978438268277
0.07460821448609571,0.06401435924043765
0.07902361371543395,0.07477963943089615
0.07721942522313259,0.06889270544967235
0.08423842778972557,0.06729410154462635
0.06744638309159591,0.07360509580775758
0.07053834009296298,0.07217736986470669
0.07352652784003265,0.061893604435316066
0.0762157994477519,0.07507923216144817
0.06879690157101599,0.07713713100086737
0.08527669426282128,0.0721722603820305
0.0796766260924772,0.08110332484886584
0.07577420420738805,0.0877607498492345
0.0943694693768885,0.09355473219174631
0.09582651416142626,0.09723356175029962
0.10441636895513956,0.10826374875845438
0.10682546440420991,0.119247574330055
0.10574338148977443,0.12987344369020687
0.13328289574904825,0.15106238727239543
0.1764896607993934,0.18889794201608834
0.20882357562807177,0.232934677884223
0.2563738266564962,0.28735625338763526
0.2183025833425889,0.23306371219137198
0.2642543870706455,0.2908095979763741
0.2969516205643018,0.30435162855124204
0.4155074624076971,0.4426582107474368
0.5361877916210774,0.5722466915129811
0.6584259053371689,0.7255980991350438
0.26786176399565104,0.32434427414008515
0.24163437983226135,0.29227999593939213
0.5313391210665348,0.5908682940136217
0.5528813046722312,0.6332930960847932
0.3963559482721936,0.42565996014073093
0.2793927489501931,0.32028684841375693
0.24223811260224373,0.2616246641486729
0.25827065743840827,0.29780877024900304
0.28403359431888664,0.3108929261320793
0.18728625249106676,0.19701792460455878
0.16758079554798405,0.17790424437600041
0.121945662521183,0.14141637758046435
0.12778106948598097,0.12615360506895343
0.12148830939041429,0.12468032129535833
0.1051402058047972,0.10650189167378125
0.09927678103114736,0.09660016599755993
0.07874180155445602,0.08817902051869676
0.08801742937332263,0.09462381891845291
0.0799043847338002,0.08621785015142668
0.08057398645831974,0.06893922533901828
0.06734775956053403,0.0686638725469229
0.06633629479717618,0.06466025814060586
0.06020309793410251,0.07018152351632785
0.06232975687317475,0.07456590752243131
0.06717893992860756,0.06671055060654028
0.06656562787852432,0.06670498098745554
0.0689295510742474,0.0682582580852221
0.0774118695300369,0.05794489827067153
0.07030476384278973,0.059515018167104757
0.06550036796778233,0.06432063622768824
0.0757458648430217,0.06765309074598108
0.08374225747365989,0.07111512628077946
0.07986311872958311,0.06970838389701792
0.08325973767245103,0.060442222901151456
0.07594164539031806,0.07471681394980927
0.07544769942258434,0.08466326241130283
0.07841771991486347,0.0876013606446832
0.09298899843801345,0.0794377116260177
0.10725234354441612,0.09705943889727951
0.10939621480778747,0.1183467072507799
0.13495888551981317,0.14304364570943232
0.13999860794944394,0.16408855742800144
0.1487889650367037,0.16297416160789174
0.19307218372643023,0.21424838804969898
0.2984626286617527,0.31927524514653893
0.2501566912059279,0.28548111136827337
0.22601188344479106,0.24570996705648207
0.2881647783101319,0.3157229991894683
0.41923484392090266,0.4544093086011056
0.5520662070175396,0.6232165986003848
0.5817051557110067,0.6480160391494041
0.5972012296234369,0.6510248757285212
0.6034376031694223,0.6872131226545757
0.4645484362942009,0.5323200367046871
0.3380304758191733,0.3522461943513605
0.24208204026233202,0.2559430232355407
0.2539931159261399,0.285594410130425
0.3162056890233161,0.3500305780004727
0.21697233865917864,0.24128026019787763
0.1719692960959933,0.18874685786341902
0.14006476322865427,0.15383206613716904
0.1330139934949137,0.14325629644247448
0.11383907574566998,0.12764575234484762
0.10100288353320393,0.11242754957380333
0.09475672888035576,0.11826619407092435
0.08629010545297507,0.09217661610693162
0.07468118780149513,0.09259468511338095
0.08247837449536741,0.06602701208590275
0.07115261160315846,0.07863143372640549
0.07440484020366067,0.0743663543916223
0.07236728148134776,0.0641944112767002
0.06741750244945756,0.07015842561064993
0.0535793538622366,0.08300767627237918
0.057789975173984806,0.05632609109784402
0.05617794238999136,0.06515776539901694
0.061772884662390795,0.06091808040060253
0.06595926092878887,0.062037725748914446
0.06754348088601987,0.06317918010328036
0.0596740211393236,0.05776448334783821
0.06832873949982082,0.06007319679418769
0.06531428929778235,0.06443472567142403
0.07251874645904359,0.06627719359050219
0.07292424242283266,0.06977721633106808
0.06868022773980897,0.07519383683879961
0.07104249695983754,0.07017117843795412
0.084551130155611,0.07372577475085643
0.07777662511336343,0.08694620987999545
0.09643922585521462,0.09453701799269977
0.09241466855289701,0.0958657539003806
0.10209303068374942,0.10309524669498857
0.10688901824028714,0.10967704615135268
0.12127491714774753,0.14294676487139715
0.14737985439997434,0.1557928923957841
0.15899835201298146,0.17385692186402826
0.20538408434023483,0.21977021867880409
0.24427256371325032,0.2867011669655385
0.20886232171835856,0.22845004004002725
0.26477302561023563,0.2658098356477071
0.34689471249407083,0.3365395250851411
0.46717456684738373,0.5118883108564015
0.6069364699974058,0.6785781108719529
0.6661819469422826,0.7180559748557875
0.47443688777365506,0.49563586814167176
0.36523868504544305,0.3889064097436478
0.2351013813523817,0.2742863477264785
0.19395215645939598,0.2099667903514316
0.20451244286658057,0.23113318025654322
0.22629398842529697,0.2417831114580555
0.17630718717572186,0.1953075557178849
0.1520622987685266,0.1740498951722781
0.1157694042479047,0.1436615158070794
0.11118508313807748,0.12817792386480578
0.09111664202322965,0.10896410261735279
0.0851277609306414,0.09549033841859192
0.08339581199943856,0.08012278870564277
0.08284966497292989,0.09585273968704991
0.07252486028151024,0.0877383392961959
0.070703510638254,0.08294491055204506
0.06553019407249634,0.06817309554785118
0.07908593919961973,0.058819056597620295
0.06770314652312234,0.06016782821542742
0.06877531096701713,0.06975578196333222
0.06287010777938831,0.053523538446621666
0.06425287767821562,0.07033112198513036
0.05968421829510313,0.0630571955410315
0.05876019644822023,0.06561914677154343
0.055123462057836546,0.05782450532818659
0.056807475135578024,0.06083350247537882
0.05627902518009152,0.058279865602625214
0.06434579971041024,0.06718068336968633
0.0624154676602836,0.06721327229815362
0.0716441531685556,0.0659896466330163
0.06952241026602544,0.06298631400479672
0.06912572302142357,0.06219605183296298
0.08473157440464679,0.06253125371489683
0.07476370505479141,0.07825720793449477
0.07886834133377126,0.0763157188853704
0.07332260706118807,0.0908933545832391
0.09789530927884094,0.09273936529723742
0.09765014698275541,0.11313805575320784
0.11277395662864112,0.1097287227825876
0.12471842479967984,0.1273043272328032
0.12643170188202565,0.1416021365249363
0.1452544958090296,0.15235984572659503
0.17337416994284297,0.18602105416495016
0.24494606970219576,0.28335786684721825
0.24798651680471437,0.2888939859939071
0.20973318904723048,0.22400097608402256
0.2068531440425716,0.23937304572451998
0.3274089945174459,0.36053344760951606
0.45931786232215716,0.5158827155340254
0.5408215112670963,0.6278790022522105
0.3698179970241072,0.4026850444751337
0.2861499554683101,0.29214088277637
0.22747499690387918,0.259272384490046
0.23664888633968442,0.25068989118732593
0.2405411365548869,0.2659562101191729
0.17723185110649844,0.216446758102553
0.1581041879086037,0.1690650129391257
0.13195528782208024,0.13759629614654686
0.13029555458834519,0.15186850294208953
0.10137345589960466,0.12136196475564594
0.08664487601651878,0.10292410375036845
0.08688337704735133,0.10018927630182721
0.0743579540101631,0.0784351688390423
0.07838125597499737,0.0824487140854081
0.07337826150445101,0.07048739981073955
0.05887782146958327,0.06098736476987657
0.06831500578830177,0.06479406187703435
0.06131659998942461,0.07156768640789371
0.06851530682262601,0.06309007064174267
0.07020832629224857,0.06903642028372264
0.05768513015805882,0.0550493454094578
0.0648930148649079,0.059804978771391834
0.07552966518837502,0.06171936818531538
0.052776621518769384,0.05930064930949693
0.050149481868697054,0.05663939446104069
0.051462923643229616,0.05590935251696451
0.0569056317583058,0.05741972915807333
0.0628591967709768,0.059865306717552025
0.06495827792168886,0.06000204879456642
0.06751462609890874,0.04739599438990331
0.05742828523143701,0.060432678414689654
0.06024754603121641,0.06374680664276099
0.06605365313889541,0.07242288270662563
0.07961696705939278,0.06477169416035013
0.07694818382326934,0.08982020214071926
0.08495510985315415,0.08125721251830452
0.08238996582787786,0.08276032746784807
0.08678346600660228,0.09345316846087443
0.09348897252902322,0.10213754717801314
0.09401539193002001,0.10762852597018861
0.112021519995278,0.13953720234788278
0.13516432657619604,0.14656169033315095
0.14368123469160987,0.1531857887659588
0.16922472222002874,0.20294509996715698
0.23120701128579785,0.2691658538675438
0.25926405692394283,0.28472865992232493
0.20451262254564012,0.2357140837525213
0.23687087757702507,0.27595508683014747
0.37903011003837167,0.41935848232886275
0.39842838070983755,0.4769340257268398
0.2576684361209659,0.30413199900588267
0.21409616857693287,0.2436383374224225
0.22625601885866614,0.2796660555392105
0.2381433532466942,0.28239875364488665
0.1628726772716711,0.1971105018915754
0.16692462433932514,0.17123088701972922
0.13812846870161719,0.1542060160277876
0.11665252091122175,0.13351149426190148
0.10052997297207591,0.13251800476919598
0.09951691175128581,0.10304606945459083
0.08256076274714208,0.08153060248553722
0.08948189934507589,0.08480282285575017
0.08153038283310035,0.08352495681680548
0.07098228610986614,0.07987139695069498
0.0737157182469969,0.07483310279348103
0.06579547731828413,0.06863625042478445
0.06650034320434944,0.07855338967335752
0.06499773526228897,0.06420213739116011
0.05650802399324866,0.05897958298842219
0.06122593444329349,0.06546013389006373
0.06099907527631019,0.06514841830236391
0.0604511899790566,0.05830590537691277
0.05078782911610124,0.056124822799249616
0.05473379626393614,0.06518576865422646
0.05416665123873959,0.0520564106094503
0.05814405883999056,0.05216113362387476
0.04811246478927441,0.05949150946468707
0.054941388109835024,0.06129859243570482
0.05499304656709102,0.05769189108209307
0.0638496205404317,0.05942535240886342
0.06354089174310303,0.06506188235392156
0.053808111031361294,0.07259601503964681
0.05122413574474855,0.06530220678940929
0.06422258406299772,0.07347712717960718
0.06642003663501705,0.0644111426915872
0.07804759585160571,0.07345836715233099
0.07245469626343425,0.0948578155857749
0.0808371718081866,0.0869254135641473
0.0869670745340044,0.10101268141055059
0.08144321615398037,0.10235609401367896
0.09635629341771809,0.116131400082792
0.11827988998041473,0.11859290745691725
0.1326799361310208,0.1510834054292518
0.1862184159106037,0.19676887808022822
0.18014327099476013,0.20275858705917718
0.292466236455258,0.33254803111910997
0.22813853631077075,0.24242265601663607
0.20642063724473064,0.20994894774983575
0.2596921149891428,0.34030531372226613
0.3122756264066991,0.3555627486385958
0.2267138264279023,0.260364771285512
0.1874413734041746,0.19723829244016652
0.2592250704305223,0.29954395663256056
0.19075632136805043,0.2237173153722413
0.13778335486662074,0.1641602730913731
0.12221862249319698,0.14003075096787254
0.11275107295068848,0.13093486972191284
0.10778714955186833,0.11929532593374394
0.10024854577902922,0.10374013134961008
0.08106023136824358,0.10004879715182832
0.07388811495185539,0.09091915274123197
0.07530454339791293,0.09033763320584322
0.07726527444424322,0.0802702258008645
0.0748460896411947,0.07418161452171014
0.06677615248377437,0.0845865227492144
0.06665656176935714,0.0682585032597196
0.06486314838384565,0.06566659639055272
0.04366759540570927,0.06602335051029408
0.06013203648159848,0.06007975124592369
0.05908024279745608,0.061258734186683296
0.05708460580336713,0.06827424155142592
0.057639130410238465,0.05459303231608798
0.04643842534392961,0.05443570944116509
0.06520598806718995,0.04912071410594858
0.05453004684609056,0.05362968996301887
0.053931066611453526,0.0544610489250935
0.0511674291461076,0.05240257414042837
0.04974499537761541,0.04866061005022124
0.06117340209638281,0.059211940174008326
0.05542773544088522,0.05766399194858436
0.05602286520378449,0.07107472649388707
0.06579513531592662,0.06158507156288476
0.06323872762369596,0.0626562070613717
0.06360228734382825,0.06843293202793739
0.06652687613522708,0.06978788482481942
0.07423278433358485,0.07222820052892019
0.06309583885105935,0.07591012760027051
0.07262337403220241,0.08340850230063834
0.08629032271908516,0.09756570668119967
0.09418774472100201,0.1002054573977324
0.09512457922697129,0.10746684015218999
0.12263270075176035,0.12557044723108057
0.12201751118524504,0.14916783998152466
0.12701031682464162,0.14286561126811245
0.16706345869400058,0.1794878333001808
0.187750491847346,0.20631812497983876
0.294658122142017,0.34533275065823005
0.2189370504775432,0.25259076440356804
0.2662769763780668,0.3087985276909286
0.2524457275903433,0.26748927151328167
0.232049785869027,0.2627335666053314
0.3405856584768289,0.3936722299667182
0.21759887412451726,0.2611637501582138
0.15506425482758854,0.18822885348304344
0.1352950321468874,0.15872455293430124
0.12649558752033294,0.1562894409397967
0.09475949344802567,0.1128479752351201
0.088020191709042,0.11033720855718551
0.09131408598278125,0.11351889613704008
0.09097586481096302,0.0976024262699997
0.07471654784726953,0.08257692489651913
0.07014331208532107,0.07439603069983204
0.07388531327280744,0.08965625491625427
0.06272431774319534,0.06738316303230384
0.06641186802731076,0.07190841883873736
0.07798058852513633,0.060191739923977264
0.0576172302718931,0.05750963159401851
0.060415947946919284,0.05910069688135646
0.05199218866969488,0.06330691177844122
0.04265968181664117,0.061381554702177474
0.04656500209307188,0.05803911267958351
0.0507987116495253,0.04457656018015651
0.06344354272636604,0.05347887293877264
0.049206662841097114,0.051571739690455386
0.05144275683466826,0.05481515255468269
0.050601269884945274,0.06022472253782494
0.05584606532797575,0.05640300631230352
0.05710754805936937,0.05923785920922036
0.04916014002141454,0.054645507012143296
0.049453320735875016,0.06447130300802427
0.053660053841148414,0.06040555513572923
0.054179801548227456,0.06156400459451658
0.05564615681496438,0.05604354632972531
0.06264130272179823,0.059935854962713565
0.061734126169386436,0.06804794142890852
0.06038126825083292,0.06329461439207576
0.06511924384252007,0.08604594942945831
0.06969511860776535,0.07674357814391373
0.08109754335631986,0.089153877297206
0.07963163325575084,0.0941731352377041
0.08369073156830258,0.09442053514331354
0.09632448650379864,0.10976391567515455
0.12362721050415024,0.13895981375035293
0.12832183424294158,0.15251183831358991
0.15401907155073793,0.17737506821158397
0.16179045201089784,0.1921284830641333
0.21752889624685712,0.2591584440112509
0.24996011515032052,0.26816314227850885
0.1905306660297726,0.23493634834368132
0.21920589074187824,0.2933144020733351
0.20406369346925937,0.24482248273059293
0.21031100663344335,0.2584428390453085
0.18265820213429732,0.20764593406228782
0.13904998823763762,0.16986571220150953
0.11847732660669973,0.13634758349151163
0.11777439552362401,0.13088914678218158
0.10135546864200444,0.10451703353058552
0.0802677302017475,0.10116883842240192
0.07517826387423933,0.09863585996852758
0.07887560830399168,0.10145763039322514
0.0688571739332995,0.09387822643533132
0.07182861759590511,0.07849839855510156
0.06190264415409096,0.07164316938906382
0.05822924056089586,0.06094336049257693
0.05723553046630688,0.07017458077226328
0.04892813320096774,0.055995531898246055
0.06648566602954616,0.06905424747434337
0.04951770841857718,0.06438490635603351
0.05331380267293734,0.06445589533480435
0.06613192578480737,0.050534197880824944
0.05813596518712331,0.0532944948775949
0.04519934037909235,0.057926158544238875
0.04714591883832652,0.045867778373459026
0.04327038224925745,0.05926791428023008
0.0559619306127499,0.059733254097389284
0.046495752162336416,0.05318158894334735
0.050747312182449426,0.05031172391532178
0.04898097839324821,0.062185311528417615
0.053949027185569376,0.0498381702288083
0.05018774145243524,0.047529577488437696
0.06052436921527692,0.049971376930770035
0.047566978866240804,0.06070731638679687
0.05313836433911556,0.05944540738708796
0.06297629871764424,0.06753720260419319
0.05729987413340756,0.060063542066935066
0.06133618836484929,0.07681658068132458
0.06842884966313752,0.07759267485557075
0.07403196517985297,0.0813227657890432
0.07215193417988405,0.08244458348410942
0.08308986424395054,0.07765809224015781
0.09273350803295433,0.090283260741876
0.08760697314815745,0.10716627758070407
0.09203975316009273,0.09916927588777934
0.08889984932686854,0.10491598436670696
0.1371858439501921,0.16558619835415053
0.14162198920213728,0.16559952099456657
0.1789943469530058,0.21272157643163928
0.21642785190964103,0.24717304272012602
0.24587713336710523,0.291141384815379
0.16349415146255344,0.2156964268126696
0.2583325975562399,0.3131225157682203
0.16882278727224642,0.1931956749576999
0.1376754232480777,0.18079009494478526
0.11372617303885245,0.14456053393483598
0.11276559521629798,0.13953004909923036
0.09762767907180506,0.13024634445694822
0.09511582650377678,0.11815146698539339
0.08186679690629035,0.09226177153950214
0.0696582445640334,0.10619690137187224
0.07070253720787142,0.08588563765595818
0.06043352087286032,0.07637955854127375
0.06150722268297712,0.07983417543310543
0.07131702033063604,0.07151920640260959
0.0613254870633359,0.06885360359321822
0.06170817658293356,0.0630084885417656
0.052824658215434944,0.05426055182960314
0.056236625170475014,0.05476331052963803
0.04310947619490912,0.06013540373972632
0.050676198220655735,0.061744473994331396
0.04453123011990642,0.0628762588138314
0.05384784373837475,0.05726680632936229
0.051700378483220885,0.04993718855407262
0.053243159006213445,0.05997714883461807
0.051820469781299595,0.050311563721064954
0.053243474090581,0.05291607882143232
0.04585261554966553,0.05654430956587439
0.05624990953253714,0.055761994040171944
0.05194647970840245,0.05315906346102867
0.05455526968715778,0.05323383960618506
0.044199602122309195,0.06664533396103249
0.046308907171940264,0.05902634044475702
0.05108456214427042,0.05903270891612696
0.05607372073902976,0.0527240629633935
0.06133040896337147,0.059426445427392054
0.06045276502704262,0.06951133490895695
0.05982518655943717,0.06376020681339165
0.05515218834363839,0.07298857437213765
0.05938551405537074,0.05977186124154653
0.06510056464560887,0.06941829734442984
0.09000213838837828,0.08343221326234125
0.06405271505125404,0.08091071178800316
0.08377845483761003,0.08799654737794695
0.09058526409165522,0.11045022085776296
0.10913217551648526,0.09844924042954573
0.12007789706072068,0.12981710838988253
0.1466289853001834,0.16335995582597618
0.14406971162523094,0.1746183991541164
0.2047514295474215,0.2554084195693621
0.285332560466133,0.34760293035307077
0.2577234492871204,0.3076949505551796
0.2095824870251391,0.26351579822606175
0.17244725947366635,0.19924906864077946
0.14340339060549792,0.16576270931567197
0.12665684909911112,0.1577328014829783
0.10568971223294914,0.1277283224172444
0.08886255997810066,0.11439690683647112
0.09413518312357833,0.10071493594620948
0.08983333086257704,0.11250727450674165
0.0694494378010545,0.07364698302201428
0.06566723779235253,0.09959492561635926
0.06692041251969653,0.07244139609686752
0.06815268851955678,0.06451830286525571
0.06647857457764524,0.06716359567301644
0.06124725182834761,0.07554050471162105
0.04950625850336366,0.06329114152999023
0.0544669363537776,0.06632955694047582
0.05129955742688324,0.06073718464079294
0.05191129717730971,0.0663548381718735
0.045640216505212154,0.0510904198358314
0.048885146406766895,0.055608664050310785
0.045679849597943536,0.044056929851282886
0.05365239906239443,0.05727080687773384
0.04951080990560864,0.054807083253948514
0.049638620070776164,0.050061835801488076
0.053057479168154606,0.05820475633726634
0.04226833989034199,0.053082122225900696
0.04265805309044872,0.05901560297784722
0.05137032488835748,0.04965030077773332
0.05203221195004731,0.04703548498475393
0.0490483377592347,0.056482917287916164
0.04266474306479618,0.058523691290359905
0.04717170733438203,0.04785259479347887
0.052577371588994205,0.058262736119584595
0.05287783461981836,0.06629869262460561
0.053825623542093734,0.05938024331145037
0.06055777243764605,0.06976513518302535
0.06446760975045727,0.06246081249678671
0.06268023866839997,0.07235332866579706
0.06934003991740735,0.08489137816177296
0.07013095929508883,0.08414529597082826
0.06865415104448634,0.0896361602240954
0.08728204014318072,0.09379517185594831
0.07821125684287518,0.0927135969794194
0.08399444028071237,0.09995295672860707
0.10253686578917674,0.1234986192799724
0.1306881563527804,0.1475933993608608
0.11055971720577801,0.1535856631434347
0.16006473011096106,0.193492252629456
0.21668576578359466,0.26602558290461953
0.2165750346645301,0.2771788716437646
0.17146616820310434,0.2242470976773347
0.16337620640471584,0.19654695411368428
0.12290732169351881,0.14150747648629589
0.12032748099789711,0.13656168300506702
0.08974302740287063,0.11357898272183646
0.08052189350735312,0.10931738950672741
0.08250234363803205,0.11030390022577749
0.0763395177756872,0.08329096203997648
0.0669901338899331,0.07943645311974053
0.06681430322220772,0.08026158452488559
0.05773925682103101,0.07714294709230067
0.0667687757046038,0.07250792202652755
0.0534932799561138,0.06824574528853679
0.053204742941755055,0.06501074947588356
0.055087731429314085,0.06547986224446295
0.050561546289561325,0.050664884226715355
0.04963512049291898,0.06014465549296974
0.04946084499132697,0.0628153282375769
0.046615918754042,0.055507258483349434
0.04724268484851545,0.054002075499160966
0.05398244965473616,0.056781375294436554
0.04028245560605985,0.045389577550239125
0.049802627556252366,0.04701358413261222
0.05187421077488645,0.0462093363982897
0.047002306807189406,0.054189224356412026
0.05405531477526029,0.04771763521778134
0.04652327102743804,0.05550066117797761
0.05081493363571107,0.039301078830567895
0.04598547922272534,0.04944689726080867
0.049922032535352455,0.055969983321024284
0.05525953394455963,0.0552975354106758
0.05316683003358183,0.0637154550780135
0.06090428657689117,0.06422184396429458
0.045353089233616445,0.05642474506893708
0.051871878839267575,0.06057354871172288
0.05756947794989948,0.0658672025020295
0.04709180959167771,0.061565336621553585
0.06037690025197525,0.05882378337353723
0.05540605854356245,0.0827074966385461
0.060167715713097855,0.08706867680233091
0.08165640721047702,0.08437809073490099
0.08252290205787745,0.08890640910421366
0.08627243123016602,0.10993870129065923
0.0922149829432922,0.09607202930187957
0.08845558006974702,0.11734466508501903
0.10552470146839148,0.1398029940945354
0.10993068198019525,0.1442840737492226
0.1548446715936993,0.18103026655193846
0.16873969798669178,0.21799764575917716
0.19847206724693509,0.2613771962650906
0.15148019070586288,0.19474297623408476
0.13093364054506207,0.18988659067046748
0.10115336718127062,0.12048005912751661
0.08766296901384131,0.1327253972352534
0.08905749756329363,0.1329518707471492
0.0788088130606975,0.11257824926645985
0.08538594804939577,0.10917210564937124
0.07513007079658444,0.0717951913420032
0.06479827370372497,0.07786200155897327
0.04957152953383977,0.07168776580663189
0.057269854309353975,0.0654852553192833
0.05642311763846377,0.06667400368288676
0.052200671792819654,0.06839531857475122
0.050179838124704966,0.05956537291420706
0.05233559188627386,0.04928661887696298
0.05752010087632555,0.06297163871615775
0.05655789532005007,0.044750366007978215
0.051385355816962214,0.0519393286041748
0.05080673406852661,0.05467477086349935
0.04866353872334451,0.05021553569032709
0.04682520165489653,0.04655464779504275
0.048023044667437696,0.04785105684964872
0.04716313870509125,0.055137354842037044
0.039887750791927794,0.048091069167638965
0.05167223707886198,0.059193743124225706
0.04245086436306146,0.05185478046827112
0.04244911264124757,0.04580216255090468
0.0349097048155027,0.05311238682650219
0.048937950538019276,0.054045170386717044
0.03958401250586571,0.04801766416235757
0.05050543013200088,0.051626279736083254
0.054559737575597504,0.05467399522558535
0.04785770402408965,0.05805502201459865
0.05048561084401892,0.0654785343344178
0.049811607052623635,0.05642809013429239
0.04607049888603989,0.06168124851456303
0.0554338429590075,0.07311683422070737
0.061355006509508446,0.06712688366980697
0.05468761687065279,0.07208547815545305
0.06400712253864677,0.07107783429062833
0.07371765955651638,0.08403736098837301
0.07095471627232951,0.08224519741762523
0.07950362419530689,0.0972328194468791
0.07748560554812899,0.10134529269598046
0.08274122880604252,0.12519318026290158
0.1007968861627335,0.13867712720395475
0.1201996765095872,0.1423133115209037
0.1294031817429909,0.15794838489737797
0.15245594108098495,0.20933283753995952
0.15233691031375188,0.19010061950147242
0.11407660700195976,0.15928066604306115
0.1241356439615446,0.16071246720042837
0.10584370689237166,0.12386816129499849
0.09507724467156431,0.11403921090546905
0.08403061448048256,0.10314056451091962
0.07552273918639715,0.09136325178015188
0.06516818259360778,0.08791911573144633
0.06329400639706427,0.0819587854387192
0.05663775008115329,0.07798262504068199
0.0580904742529862,0.08404587021068897
0.05041827626987359,0.07987263487663897
0.06120857919387427,0.06935577853631933
0.04834664223946164,0.06263349086902179
0.057560028435883356,0.06302036266373337
0.04537497158975963,0.06290228475211655
0.04267196142939759,0.05669166658431793
0.047873603279503636,0.059294115220374886
0.04467596135456897,0.0531971134026079
0.0521427248277464,0.04787550545255388
0.04456377432735386,0.05400291911502283
0.03687055506937191,0.05945026671307241
0.044843008379717976,0.050973099261767706
0.04430845635496437,0.050703170697501944
0.0531805615361987,0.04657203571649984
0.0522094913504477,0.05101431547838389
0.04103943640064582,0.05038339093223146
0.04524969798268755,0.047574149587077036
0.04774730699346915,0.048523416558664934
0.04094826442621905,0.044772034190569375
0.050009346425551104,0.049549448783913395
0.05348170337824283,0.05288621255532118
0.042610957698019834,0.056510724977836296
0.05144628267066648,0.054160177778229644
0.051011561288348564,0.05243667541716187
0.04707781565233324,0.05140053179603947
0.0534526109555212,0.06305262390463412
0.06532571527929447,0.059636114877891125
0.05556685446603683,0.06936252402267402
0.0602877790208045,0.07500602617545243
0.06133155781490142,0.06812554535039404
0.06455743309245726,0.07692095139035675
0.06450502829448135,0.08363157257297252
0.07085980358367222,0.09217256133526555
0.08388724898807023,0.09813092564530185
0.08279944527925354,0.11281818987616633
0.1006309161728388,0.12098786431796331
0.10041073256955388,0.11352653242907532
0.11095534308457751,0.14638138087391786
0.12543743871944327,0.16382666854413222
0.14854193378175481,0.21342751143175384
0.11546057662174897,0.1477649580519455
0.10923090125600536,0.14324756000461744
0.10005369351632197,0.11835790999588018
0.09390188350896646,0.12539186986262557
0.06518812716562461,0.10541984183079059
0.07137432432811965,0.09644242387928316
0.06636763707024375,0.07259286798346182
0.06700983911614473,0.07907808141539627
0.06046636188403017,0.07633786409999511
0.06000139079058645,0.06738415073721396
0.05182564421200567,0.07734712909339211
0.04645052219569536,0.06711977854716072
0.045462861336866334,0.06313234128387844
0.04392773771225638,0.06078716046640206
0.04672825568230283,0.045316274394569915
0.053091143025450635,0.0628212849860526
0.05246859588587758,0.059891610096009296
0.04940517797552416,0.048342339251504246
0.04378592572374548,0.06228999741014427
0.045345080122125146,0.0532598115179776
0.040511475250744285,0.040244405847983784
0.038718367003686756,0.05315592041243175
0.03944773545084473,0.04866793759204521
0.04684648975479667,0.0379442977389924
0.04005555255161063,0.047706791760848334
0.04610077845896025,0.048681653933205914
0.043352566094154915,0.05905365571124501
0.045721745127091915,0.051068800802660755
0.04131136217621071,0.04783548063881738
0.0476693692147916,0.04977226140162572
0.04006508154092237,0.05221253554601335
0.04647726279232622,0.046528778935176936
0.04837843404330707,0.05903436232225415
0.05815855925953533,0.05224962642479673
0.05179731997045789,0.05812600231316767
0.04294950304774832,0.06413558598231184
0.0534559371719743,0.06653554199537805
0.047552253224905076,0.06940776966085829
0.06202769000227238,0.06195996191766638
0.05057025130053419,0.07116618473562812
0.05439336802504033,0.07885454441508803
0.061523420288540305,0.08829154331889162
0.0753073882067973,0.08712922603829308
0.06988893468857453,0.09820450772556913
0.07914989671747896,0.101922194902812
0.09584847080269224,0.11303624155486114
0.09870279246505831,0.12086883915675362
0.12464651964179439,0.12697592767612767
0.11414162473947465,0.17551725483055025
0.11767374803448762,0.1573057888095857
0.09664101034670207,0.12264520020849999
0.09082038810661329,0.13892238393390044
0.09548966747848212,0.11301211448665495
0.08096140185276288,0.10054372268070205
0.08534680867792227,0.10625936252455827
0.06645649914051358,0.09938730024984657
0.0707624765388187,0.08083124594211744
0.0626911975324918,0.08143860252748263
0.059023897095094764,0.06736846956273686
0.06512279607043231,0.07129832905667244
0.05715390233653506,0.06741902512162092
0.04817253222788725,0.06362201015965355
0.05820692254940746,0.055397654906300955
0.04081759026487224,0.05928807139189656
0.04908392638524049,0.05200463406070564
0.048081137144695356,0.04589276062741756
0.048300414113506135,0.055009264514639326
0.04786477191517478,0.05523830175298
0.05039018448592887,0.04781269742801485
0.045762025457139026,0.04579706080291692
0.0417062212467658,0.05167191811767411
0.041810124399947815,0.050136298362233295
0.050376685124151964,0.046817804568147985
0.042204971981210836,0.047647560744420676
0.042051841439905945,0.049066124247964776
0.036767153693058614,0.04856657659166154
0.04639529480209382,0.04340200492511497
0.03847516703104114,0.05840708313288176
0.04443906758190395,0.051633635938889345
0.04732009528776328,0.050803750750650044
0.03979267060102296,0.049444535073738284
0.05349674690478658,0.05110282260102017
0.041933383691542266,0.056426194744676327
0.04131036408606661,0.06007940293885653
0.0492084186986773,0.060934477534164345
0.043027552567335,0.05427205491525225
0.04860750534106905,0.05906849516669087
0.051692382529466015,0.06157546058909842
0.057120641574095354,0.07011510699953441
0.05582227852723063,0.0667547835884926
0.0670407592608369,0.06824705739837737
0.057840762345107065,0.07712034724278401
0.0643979895513754,0.07952919806694718
0.0752039848259172,0.08600133385991851
0.07455677308353346,0.08422964540531191
0.0895243213289144,0.10841941301772764
0.07959443341188689,0.11117343159048865
0.10140566819086115,0.11454245483585508
0.1078845816521771,0.15579397212582646
0.11856387598305072,0.15805754823919532
0.10543239483740317,0.13618150166246293
0.09976859743137703,0.1247587388628051
0.09196495099387773,0.12235494594253112
0.0826457222995325,0.10130100734381764
0.06931921151111316,0.0855997308800125
0.07016228956205996,0.08754219860269248
0.07141603419400491,0.0917011790514929
0.06011340532989115,0.07534526286309061
0.056436682744312426,0.07532448032344788
0.06275653358319157,0.07438573760918174
0.047509672435704794,0.06301082587642519
0.05258820216004689,0.061982007479164374
0.050490489734581444,0.0637022894224367
0.04551402072368657,0.05966886800708447
0.04093544080782394,0.0617409742630074
0.04303827845437447,0.06319742249077884
0.04088256415481642,0.049792046982250794
0.04889830963782456,0.04942832917898351
0.04391615052847377,0.04398287549879301
0.039454028501358894,0.05395272531279998
0.04542522255312291,0.039602090616077286
0.045827475161056536,0.049239242187587205
0.040992525470567025,0.04771053790701108
0.040366877080231865,0.04767633616191064
0.04356739036849172,0.04725287285806934
0.04269280582047911,0.04571710792085421
0.04377483707750668,0.04184439850974956
0.04788235427078473,0.04173763151955696
0.047606509332296834,0.04670737594198796
0.036455307696989264,0.0487013391781259
0.047012638197383404,0.05337075185126354
0.051586143650837565,0.055341180950007354
0.04127504551446177,0.0549642168290584
0.04858604378556523,0.0593565309561051
0.043346455290590724,0.0569643726172552
0.04969501978262498,0.0628692467799973
0.040140797425542954,0.05133061118018955
0.05483918916070919,0.07576219091696736
0.04875582174243255,0.05864180172515369
0.05808618063994892,0.06661859451268376
0.05751174455716598,0.08470156005768344
0.05215286859999823,0.07043332855413545
0.06423565083611722,0.079463276168785
0.05729187740870118,0.08977041093406371
0.07357141593307617,0.11204073307685905
0.08395770373461393,0.11285062806333439
0.08754826177115187,0.1266380060640928
0.09889332305448358,0.13152345336262716
0.10857447119157354,0.14745124756657382
0.10682998987093147,0.15481836336381183
0.08774798339725996,0.1403918987309273
0.08322598144622899,0.12778491232927258
0.08256615822274961,0.10084135367881673
0.06440775010078217,0.09797793672126122
0.07149948001998177,0.08953681721153071
0.06559620187495797,0.08330493835625279
0.06068637348212858,0.08950916248932342
0.05456061664739188,0.07208312118283629
0.05891582292267146,0.06688530117042768
0.05503590076253818,0.06893031740972168
0.054741710109088335,0.06036095270978463
0.04523786221487326,0.05859545222548828
0.04592656558969834,0.05865073991797995
0.04580923461207303,0.060343788308991786
0.04857174717192897,0.05634053084797129
0.03930937684773529,0.06296893134187265
0.04038743775836877,0.05753652188578085
0.03984959409146113,0.0548804109884838
0.04221215863343766,0.04548641245246319
0.040236784876972506,0.04377958331580295
0.04357922054184908,0.0542702719987783
0.0471435343208191,0.049935950210858567
0.037673541210056796,0.047650667852425256
0.03938594377942971,0.050476319403202526
0.04310635292245788,0.047583814664112684
0.038030884557505945,0.04916279184716714
0.04072162373274729,0.04220907475089345
0.045255145272846777,0.05924328747101475
0.043775782195103106,0.04804434639828401
0.05287749370612437,0.051114927093314194
0.045242652305338256,0.05077299072036365
0.04187708422501832,0.04961745694698097
0.04053127378883411,0.05163148257437703
0.04481872370330581,0.057069582263720164
0.046812229086704495,0.051836072323662594
0.04834755884779858,0.0491827567456828
0.04260447215679484,0.059355719985289566
0.052279033756535184,0.05762191725409754
0.04949995224028869,0.06960554561361598
0.05376025574279143,0.07174486301926464
0.053978523588908194,0.0626249041299144
0.047058789028872255,0.08844109415317876
0.06741199128267798,0.08659054847503458
0.06750818760271435,0.08695451762427622
0.06368497701296091,0.09406535740859094
0.08169990731023732,0.09392464310644649
0.08745142810005882,0.10340088329683222
0.08382911468468196,0.1254180641642445
0.09386167537587758,0.13853464202180074
0.09549183762421626,0.15190673630346102
0.0920354984082792,0.12126530655047095
0.08879695330585047,0.11214649292850014
0.07546239934834742,0.0979555227485929
0.07491824743448676,0.09972339402747205
0.07429186790392253,0.09439046925498448
0.05574962570388553,0.0898110569215786
0.0669630629320742,0.08932869620460968
0.06060747110286834,0.07376534881012568
0.04843030862002092,0.07088837107464734
0.04928856500671463,0.05725878287964616
0.04478448238958467,0.07083898144656178
0.04265714646804217,0.05980739124414759
0.04667132897318532,0.0611534018893271
0.04842560374140084,0.062367848797302526
0.046740726061021816,0.05118022084926076
0.0411435563612606,0.05458999589076565
0.04380133264821646,0.0549241958024278
0.041061057604217945,0.04531092776637209
0.04053492172671709,0.05065492536115989
0.040822976069732925,0.04871319648382077
0.043355492169573046,0.0502532525840027
0.04530672329246557,0.040088303379317285
0.03854039831553138,0.049959776162554474
0.04102554838695557,0.0504812016947615
0.038235426285947026,0.04909415600798109
0.0367378390446855,0.052649108258632206
0.04527645564170143,0.04783267064823025
0.03977328526342687,0.04993835314897664
0.04449603039266109,0.04809232498972815
0.04178160527657655,0.049946878691878374
0.04330322683013602,0.05437394850983106
0.04095982789111516,0.051257308673805506
0.040096156843480654,0.051225217357515625
0.036183473592269026,0.05849099282906652
0.038029328956364274,0.062437383071916416
0.04187447982207238,0.058004421510788245
0.04847400947054664,0.060075971040920884
0.048223435670547946,0.05710677334477621
0.04234559979680037,0.06827842354594243
0.05386841669303624,0.06507959106381554
0.05539493848124018,0.08243481105764264
0.05464405482086611,0.054262392547906886
0.05465632635755053,0.09457302960897852
0.056445312281706066,0.08798364077651064
0.06554113254327844,0.0810912647534197
0.07619955300471315,0.08367162484680976
0.07412877549868492,0.10206638909654182
0.09444916942859824,0.1059743356070543
0.09180801830536073,0.13903664848478806
0.0990417208225197,0.13208811985498103
0.08716018402361365,0.11394866572859758
0.07792707262624878,0.09455105343283494
0.07875718719724675,0.1088211647145193
0.07089072341293341,0.08981170612868931
0.07509644407663801,0.09836018240329013
0.060350845460292915,0.09548416238899197
0.0636696425042878,0.08020382531507284
0.059830668622460705,0.06697308767674047
0.06096559686791074,0.07337675935119664
0.054850507826555456,0.07320631462569348
0.05463727309498169,0.06094099414895496
0.05232601064355555,0.05619095487317826
0.05004654521896834,0.06373406254314913
0.058184132685928994,0.05713014237302564
0.04413230495626067,0.05416341358246496
0.045315129374065115,0.0570970279524783
0.04276430819264351,0.05027808692440079
0.04435915857694015,0.05817682820122861
0.040479313602799966,0.051608306003692234
0.03602132603866034,0.047607046160325454
0.04342735784284989,0.04896175368457833
0.035731855658080944,0.04956396491153902
0.04251669885006085,0.04524838685557248
0.04075347176606295,0.044304521286299345
0.04226163943605691,0.04592621902728364
0.035536732897509624,0.04279070164429575
0.04061392975939946,0.05037771017090081
0.03792343768982551,0.048363886824412686
0.041904573565695366,0.04401024385175495
0.05096439850557229,0.04121847822911195
0.04080017880139278,0.055999741254194005
0.041780870375033904,0.05358256066936748
0.041183603891611395,0.05945516611455383
0.04552952064408612,0.0529377742550873
0.034929242124214,0.05636859505013206
0.04155156543170979,0.0529043956529787
0.04764382933814156,0.06455468350801193
0.042645275310925455,0.05496944041494397
0.052807222924207656,0.07040263915401888
0.05145914761281779,0.06685419074167545
0.049973936363156564,0.07217030219861673
0.05261618244086288,0.08006629984355258
0.06073873616745363,0.08608797774321693
0.05574970642077961,0.08303569585865873
0.06436513723553725,0.09273118589976315
0.06398205450609191,0.08647284619505452
0.07894834933058638,0.09985962065391682
0.0657734606102803,0.11482362156002664
0.07770621082772333,0.12844870600571281
0.09611959818220561,0.14445490583309267
0.09055439995033723,0.11426559471009669
0.08486819678550181,0.09433230798954864
0.06947275340443734,0.11206264254413814
0.06406823817133919,0.0948861105277526
0.0672733681601004,0.09768301207458112
0.05767519049672006,0.08608848834816055
0.058991707255973545,0.0692966123802455
0.05822928368980984,0.07008613751169215
0.0594627450029379,0.0682648106308078
0.05388697425896263,0.059942674278756165
0.04551134580226502,0.057653364174316234
0.04863850092521501,0.05330144641380275
0.04989575345508973,0.060065861398083814
0.04075798288296388,0.0597329874910255
0.04467117075755509,0.0577157922913547
0.04819904303774878,0.05076067297851314
0.044979582880774506,0.055842546400566094
0.041547279183628126,0.04499869788300866
0.04364982130987767,0.056113453562990065
0.045109029844703954,0.051416397229844854
0.04361592015282215,0.04554270131860602
0.047165295262135136,0.05706830301410676
0.03843615785284908,0.054762073693878775
0.03858813310832222,0.04279310799448733
0.041396026698121695,0.03956987223996422
0.04440509650872899,0.048416778731756545
0.038913528737159135,0.03863273478152769
0.041492800279931845,0.05185551195119333
0.04381757887186527,0.04067440475723757
0.04454390500563352,0.049398467923279496
0.04015524816493691,0.052652576021729985
0.04672635761375444,0.04693612737632898
0.04015255420445273,0.05719081177464409
0.04299283724247175,0.055384416787735445
0.040216660447023315,0.05730415935155383
0.04111181092098442,0.05448676787054184
0.04395952487644285,0.06642495663695919
0.044190079519189115,0.052006823346538715
0.046212495288580874,0.07060040656342832
0.04602643643449728,0.06870180964108699
0.04766079080983106,0.07638206605429787
0.04831167681389616,0.07113570673887598
0.05324575930863047,0.07114879718290869
0.05547780196745561,0.0953975560029291
0.05960814188750103,0.083196582372627
0.06235831109838709,0.10502455840773982
0.08168149024058083,0.0926726198274216
0.08060955078959209,0.10400033992684786
0.09117394009559089,0.12105485543520397
0.09264724106108355,0.1278887060550192
0.08840305117924588,0.12354117497996504
0.08733007261669781,0.12175132912888849
0.07008790267429918,0.09786955995276077
0.07824045767042871,0.08309220757938783
0.06765199519074588,0.0942823548295178
0.0637306680584519,0.08067521737550451
0.048990713890524125,0.07998836677815857
0.057286085995552946,0.06578903545488211
0.05473554645045973,0.066462597096138
0.04844845689565954,0.07258558600977381
0.046462257809845836,0.05976242768032726
0.04971865345491754,0.06184926721815676
0.045371336638066646,0.06594694120214202
0.04701306123358417,0.06513861724799486
0.04903626851315141,0.056894656839824045
0.0435320421260548,0.053615047037516864
0.04546138476438409,0.05065119130495071
0.036916585738458796,0.04380818017728503
0.04191903926624731,0.048826643486447885
0.0449342429163244,0.04641140140850709
0.03464897561298694,0.049285911798888395
0.03021806979703053,0.046787516670576866
0.03654845783210285,0.042574956779415196
0.03985985845694932,0.04300913865431242
0.04208005013195931,0.05351089183845479
0.04487134444125244,0.050389753952801805
0.04039551410571804,0.05211147994209651
0.032441225514367185,0.05377606795506183
0.036467486069933164,0.050096819643374646
0.03864220755043659,0.04643999013870346
0.03988932207550305,0.04883748545824435
0.0440617844954343,0.049030764057912644
0.04292867762520785,0.05189581348174956
0.04752168347664785,0.04700615407635557
0.043535887426589,0.04956938056453242
0.04449427099555707,0.06008486419645881
0.04944241804631951,0.05809732226688835
0.0506065171863396,0.05993465203239341
0.04594240636535226,0.056116282383330614
0.04345457538781437,0.07079432208353027
0.05166910959421255,0.06425193379529043
0.05752583274261232,0.07139516467995757
0.054243473862654455,0.07654268529104052
0.05346482631062301,0.09668862815418858
0.062374611739462,0.07996440093121857
0.057353383456463444,0.10014562196223142
0.06596127989467204,0.10186278815968122
0.07033659896015597,0.1143457951491413
0.08965489989176643,0.1235809797230834
0.08663446813079599,0.13287649692420192
0.07031612019673536,0.13471243116052042
0.07373636556474254,0.09377400238186148
0.07085568002365734,0.10008840018142101
0.07638788551846598,0.08907494576872141
0.05895681232968586,0.08190309389041438
0.06963976785430287,0.06756058324499128
0.047806475634447114,0.07658162257436736
0.05058029956482259,0.07693314383277101
0.05473751158725835,0.07061706366204444
0.05113038820230855,0.07032518832234728
0.05327166327194705,0.06529372612519635
0.046496761922044,0.05460877387043803
0.04957166043053455,0.059538359901781954
0.04484900187410437,0.05990937098138734
0.040975686327540624,0.052004430423039205
0.04251300623513128,0.05076621561499419
0.0416193715798407,0.04934037677304939
0.04282302529035686,0.04530610234091969
0.04011781545461832,0.05437571799119459
0.04474981198839265,0.04865548567260212
0.03912195791402378,0.050788224916754145
0.04550955075778663,0.04839842985338211
0.042460594210335455,0.04306073212248629
0.04128214690833996,0.04805702387855103
0.03891478318328899,0.043525356768749204
0.03431233941420257,0.05154276002318713
0.03751922578209596,0.04898336847735556
0.040397261309140925,0.05051074113741758
0.04876213811054347,0.03968816439620729
0.03695690916836836,0.051858043770806765
0.036862867276924734,0.043134434256118785
0.04156305855671926,0.04287659324178419
0.04756437537701783,0.0535739461556575
0.03683635644571228,0.061745474935701365
0.047262707145714095,0.05711329501905784
0.041957968391455144,0.05757847244799489
0.044054370639259405,0.04515412109578814
0.05178924543226775,0.04320976023332377
0.04690506927950545,0.06512411127499029
0.05785964928536706,0.05566248538142568
0.051297381384049684,0.0713036971104743
0.05472553766737262,0.0788754373300462
0.05250177958649602,0.0644495837922372
0.04654868658741618,0.08419549688458655
0.06309087330792552,0.08045486563768443
0.05778894908280396,0.10265295510873491
0.06808218504646149,0.11354721814852506
0.08196642293979395,0.1096254491392386
0.08026652973575032,0.11828008538707681
0.09985301253828403,0.10788891886404758
0.08046172590438515,0.1204076174071692
0.07588785530703844,0.09328072245191112
0.07058553573978149,0.10281310923972217
0.07213795555298338,0.08205247247005427
0.05856673697528819,0.10312624112865665
0.06389556293221857,0.07304451858328002
0.05225787873162689,0.07682550153860426
0.05837513075917099,0.06475186189023881
0.047826584505397875,0.08094217875262567
0.04495776098939797,0.07220941833607997
0.05389160543764736,0.0647167172034311
0.05118111517209387,0.05744174075045656
0.04808812786108884,0.056284925595221275
0.051142556098631754,0.05916278273913985
0.04653856208059025,0.056419361206810306
0.042306951554889026,0.0465561198319199
0.0401205340414792,0.04917482222356248
0.044039359626246055,0.04744565562878437
0.041911619175704316,0.04454370100934065
0.03812837138818312,0.04219369901601732
0.04335286072512409,0.03769525899487931
0.038941201518342725,0.0398604498664034
0.036430455954700645,0.05519247836455525
0.036741722710422,0.04434554920555535
0.0365564185388318,0.038468199039213176
0.03912464401315455,0.04636222767212293
0.040089852996242,0.04503144390927067
0.04008196440420255,0.048195144690794736
0.038098744350839195,0.045929315481522154
0.03439093656572153,0.04535044790926949
0.042290337031140275,0.05079288990320363
0.045803233654431834,0.055892725878631005
0.042493833461761346,0.05165633884528313
0.04411205345933746,0.05468345211246601
0.04996825036078291,0.060639274568803504
0.038770418507394,0.058038093576039944
0.04850066133595827,0.06013111927578076
0.047405304316538874,0.0578490902153788
0.05554017739313383,0.05542370933709728
0.05352976857472054,0.06939981276939919
0.051641167157589575,0.06052225695621596
0.05084044989077122,0.06497709072818776
0.05873042346183178,0.06834004449809813
0.06407854928245213,0.08412457846464931
0.05950102381773269,0.0821003492412432
0.06140907707472481,0.08172880874040524
0.07457893829587682,0.1038212576179282
0.07269088821488895,0.10902872664052218
0.07827602944070174,0.11700350970700418
0.09000421731044009,0.11571336788518667
0.07433258399380233,0.13169044729083185
0.07090823030321267,0.10476228020547927
0.08145632883402906,0.09326656877103721
0.07131025086537637,0.08491438719329447
0.06641740636418042,0.07742802566685675
0.054957119769964875,0.07894901436333628
0.07198883111586929,0.07064506590249682
0.04331280808143652,0.07483674655262808
0.05562277105424465,0.0732267189558403
0.04718349867618606,0.06996374205635474
0.043686779358902354,0.06902443418928413
0.03744514941144116,0.06465461198339037
0.048295412031905564,0.06422347459445929
0.04303396189062718,0.05407020450777699
0.03900155935699559,0.06425358889460642
0.03862047076606736,0.05547587691606673
0.04943067036076907,0.05044213718836559
0.045738915168005864,0.05019513547214851
0.03817084593964584,0.04653682831767065
0.04008100857506012,0.04802186861568509
0.03280576811583816,0.04736136491241812
0.04058031289485134,0.045241074431710486
0.04250527010359148,0.04829167540801208
0.039729005322464886,0.047782673696025
0.038148900899532226,0.05259695937060745
0.03540445844895672,0.04725224754645905
0.038791876356020355,0.045329122742924596
0.044690513822694095,0.04954941253326345
0.036311513902858805,0.043285091814671946
0.03995602272886101,0.04523983040196711
0.04301261728061379,0.043474121465549326
0.038631429743887155,0.0533721184808422
0.04269528218690224,0.053477923655784944
0.03919209946187186,0.05278646293034198
0.04276976939856091,0.06328404206820258
0.04228971886810315,0.05935387722956846
0.04398934908661607,0.0577140125586891
0.043957547114779276,0.050759407791491684
0.047180065860756695,0.051031331514147474
0.055262670760188946,0.06349960974668256
0.046595130572738674,0.0781322446505973
0.05492094781343205,0.07979403863693885
0.05372043290699647,0.08487217948344694
0.07054810068588062,0.0752477622543161
0.06578687464543316,0.08413326528687355
0.06726145070719063,0.08904303885863242
0.07880486686249491,0.09580932915908665
0.0738269397801359,0.11182232270662451
0.07883728663391863,0.1263151207140241
0.0956401970919694,0.13297132736921113
0.07885258587376083,0.12551106838832393
0.06369616481631972,0.09119370573775949
0.07613470398974619,0.10778162311108569
0.07157479805309383,0.0859879874915054
0.0657649389522702,0.09439884705053138
0.056131733955022085,0.09155270104494222
0.06542652254803447,0.06941665410867202
0.05200343524034996,0.07618327484807441
0.05111920855140571,0.07390048385046283
0.04182955925945085,0.0598642685465348
0.04827744254807778,0.0648885904913833
0.055915166867276496,0.06813325582455448
0.050384642500839676,0.05049293168556899
0.04815383829776738,0.06548934055307676
0.041190761323736176,0.0544160698798196
0.049218113066374136,0.045097503802857354
0.04446369575522668,0.051652081573198845
0.0458442782429641,0.043732548347846824
0.03976766557392128,0.04826746881872855
0.045399096526119884,0.04984759052877111
0.03974453920792076,0.0473314230757623
0.04029004176484103,0.05353040968771394
0.04105063053232519,0.05228146041559452
0.04367471336986019,0.04185626736212527
0.04182096641566073,0.04330165499867064
0.037849094610375306,0.047791965232964854
0.04029807060288324,0.0479217841611598
0.04062547461093572,0.04923965660458846
0.04537186960381411,0.042469218808077774
0.03773153983505421,0.04786160678145713
0.04157746911192954,0.04994234559326244
0.04000607212161792,0.05339833441158033
0.0421338177979038,0.04797071138124069
0.049819284587483435,0.052243021566606214
0.04342672370856188,0.05347138267715478
0.04985210993929689,0.05250479276655184
0.04423566704477028,0.04855040546330057
0.05574719385340694,0.051865247686038736
0.04847073089588276,0.06643506695011525
0.05447824331642126,0.06961837335363806
0.051957284572245216,0.06727220930532912
0.04944915118254805,0.07563191254861772
0.05687039332813141,0.0748177817631498
0.05570386107789849,0.08280338209153584
0.06480098177499546,0.08724378607162354
0.07039083186035382,0.09745006183329301
0.06302777079175059,0.10733464974905942
0.07027018164631121,0.10179393335395188
0.08731178128493688,0.11864524362596195
0.08537980985808712,0.15353091741964053
0.07517497006716113,0.11707717608248562
0.08361082559808053,0.0939213034350903
0.08022110214109718,0.0956626356988639
0.061502751172493104,0.08818133640923509
0.057534739495987176,0.0947276600556075
0.062228996621315494,0.08176425848011049
0.06264143883446863,0.07908619941943702
0.052999504331621615,0.075225679754916
0.05581720750805843,0.06711624204515196
0.04905325719625453,0.06909406938008619
0.05030159797805163,0.05265744206963316
0.04846149239598136,0.06402215114394473
0.03804093916576678,0.06255033293300152
0.03860781228149856,0.04981905960192707
0.04915584466426704,0.05492679468342941
0.03971191488094067,0.04750720099351342
0.04509329111469008,0.05403702876537541
0.040324915288076364,0.052628902497202104
0.04215814849185397,0.04886024456749851
0.0417677040919792,0.04889407529581045
0.04337229260615787,0.047975587943763526
0.0387865734575216,0.0514582120066039
0.04037156089054927,0.037448285918649814
0.042546815983209904,0.05358280411571926
0.04177467422974099,0.046505487836518866
0.05018423748852643,0.04232155604942544
0.033041535276579284,0.04421684420984966
0.04741553578809308,0.055663409758803614
0.03996425292379893,0.04087289128295146
0.04713237074418321,0.040660390321206455
0.043120080548157795,0.051121135295589384
0.03166004676450707,0.04614078266663872
0.04187385401396966,0.05229219950469913
0.04386885189478923,0.047480304389447225
0.039342251510847165,0.06277822721386601
0.05698945713145597,0.049057282385983565
0.05665066884752174,0.0486079457915947
0.0507793100118956,0.0637063464679859
0.045150139736101595,0.06493054495641021
0.05573254804890177,0.06430949775882268
0.047563408993472764,0.07094126148677202
0.05207255520298349,0.07678353150919866
0.06165511207240637,0.08339320898509459
0.06118189142250649,0.07295888441483225
0.05607734200585034,0.09754099064297726
0.06265394871701928,0.09941573985997254
0.06757433932607736,0.10017970825918346
0.08108263335509852,0.11242627985969081
0.07821669081032323,0.1320557961878131
0.09282663602729624,0.145100828843257
0.08860769044871855,0.1232512149235131
0.08136156547242931,0.10893549803211211
0.06676357215768208,0.09603640470109585
0.07207551564596175,0.09801844813451371
0.07078634320571668,0.09225458367525276
0.052792531394160756,0.09056200747059051
0.05224736329880724,0.07857309182414352
0.056319546539113606,0.06947897146909743
0.05511528840987525,0.06785762615677339
0.05241423347029796,0.06697833681334103
0.04166248324382635,0.05980979941465881
0.05287118258225891,0.06340759792277081
0.04333949574124076,0.050802568115949874
0.05098688934237564,0.06559012069864766
0.04818093997457745,0.055885636362034065
0.04261901584644684,0.05367745441594448
0.0376201752745382,0.0507805843656858
0.043075622534753985,0.049915973740150554
0.032630581816799384,0.054035807551791964
0.04010746408855086,0.048506875991002625
0.044425996385053165,0.047182020618168626
0.0400897032539001,0.05023024881764686
0.03726324467001359,0.05114876122482437
0.04023134358190723,0.04972709698586319
0.043171163290634876,0.04332219514796105
0.04200082191797018,0.046703703521522234
0.04064162898849925,0.0432786209514662
0.0426477314061321,0.05259324826151246
0.04785934168006966,0.049976311858211206
0.03686464593556258,0.05675721125627328
0.039483696831631866,0.04844477990508158
0.04736174639007649,0.05642456307268024
0.04018986158594488,0.05223130187713085
0.04469845253617869,0.05272105444406267
0.04226978887780555,0.05115669195652597
0.049810325888962566,0.06133961501581647
0.04904549657165028,0.05411142552419567
0.049639638197833943,0.05974860926183946
0.05137777993533987,0.05929017719372869
0.045413793369693284,0.06705731263259293
0.050464723505014075,0.07140110974194633
0.055084142666757555,0.06583946859787475
0.05736877873383651,0.08103549817081505
0.057863350191943594,0.08002982050687515
0.06435813016655217,0.09637320675939182
0.07127209172579425,0.09806969788646369
0.0656050388235611,0.12160303899176403
0.08244053061752712,0.10018045651660526
0.08175447020233957,0.13835410135434567
0.10283952169358306,0.1331361210625226
0.09809492039545402,0.1325104808411515
0.09847762613247098,0.10401481726151224
0.08439054012917992,0.10224535845527342
0.07231541677652782,0.10040440947126689
0.07275782129473633,0.09402713378049614
0.05777158573942833,0.09135048475799287
0.05155474603427432,0.0818785556055168
0.0518810983225548,0.07678212375931386
0.06051855839388574,0.06414784123000475
0.05692953271491461,0.0660753271142427
0.051106410848176714,0.059803154027483096
0.0471158352832639,0.06530932527155564
0.047141831936379615,0.061194949047031814
0.04750780772080475,0.05742097867866484
0.0435587308865535,0.05052981485862131
0.04657068474067254,0.05163879837326132
0.04290029929989109,0.05985074612618733
0.041656278360221295,0.053816893638326174
0.04717790938273344,0.0476863368533619
0.046754050380439297,0.04692856361250854
0.04441629185370742,0.04004281325303332
0.03997861192484437,0.047236003863732334
0.042468758587516066,0.04493798348293271
0.0406364414673446,0.047414436747170864
0.041344072264632145,0.04856298543929477
0.04514545702489288,0.044067668156130224
0.03558992318008851,0.04164477541716051
0.04634501624258971,0.040921489256170986
0.0436594422808461,0.04438384156195134
0.033486091106809654,0.05216585951048508
0.04425964460457459,0.04468782985767231
0.03885554108784939,0.05212897528679673
0.03980271773647835,0.05830721210961606
0.04469580474847532,0.0442239243718361
0.05024782860126972,0.04593573360403062
0.04914305341278842,0.058059050566450894
0.05169854449397644,0.04638239738893506
0.05505287509556902,0.0694351838146525
0.04014973913760379,0.06187307011612738
0.04862001748049662,0.07029719328120976
0.06215689236356378,0.07010945828262465
0.059642127715945424,0.0856289462775606
0.04838967324277366,0.06275604810143193
0.0651797666530729,0.08209517780767103
0.07262287048964243,0.08726069238292618
0.07739840086105411,0.09953852003013816
0.07483827878403072,0.10472085499434075
0.08320747358398066,0.10530530717005457
0.09115348119419639,0.12593016533405696
0.10370614751740549,0.13258617277256587
0.11585806756224297,0.13256360263212288
0.08035402906426155,0.13070429587942697
0.08080268220065871,0.108226912045885
0.06904341135316779,0.1052632201113891
0.06633759097050682,0.07595243591490836
0.0556280700132907,0.08927603177372043
0.06956005059545431,0.07643021171895659
0.06310019378678706,0.07164664093394844
0.06338034229235844,0.06203289564598492
0.05766988321226032,0.07058580491767871
0.046295395481933725,0.06486035230269839
0.04495023181095797,0.062492339166896706
0.052146725052364354,0.05757784118593871
0.05228358309711791,0.06643136757941787
0.052034789073010096,0.055240577796048095
0.04251342436676884,0.05710679851099162
0.04480426194466085,0.04726585807139102
0.04725077927488581,0.05795606844479096
0.03673564848260919,0.054119428036806486
0.03801145980169021,0.05256044336323359
0.04663284986112166,0.04917248781937156
0.04574393438970089,0.052570730597774944
0.03947932390912723,0.04665752313867856
0.0348418107257105,0.05120015418843376
0.03817506450715944,0.04324540781782933
0.04032542811190732,0.03985700836349566
0.039008275551162305,0.045438204087683294
0.04178983373822532,0.05858862686735985
0.046556892586715984,0.03714967089236513
0.045024203147687125,0.050825525044880124
0.04246393804401468,0.04555901998082188
0.04109875836484229,0.053226309552045915
0.037169084014038574,0.05607283611797222
0.0508289043981136,0.0567604208986948
0.05250478208511237,0.055596279476244626
0.04522588077089741,0.059615298906110815
0.049248446528126544,0.06570090043949131
0.043911717388427786,0.05980070468973993
0.055416894136938094,0.06826407911320645
0.056849321269000275,0.07077012093354884
0.059818271952363285,0.0783629896476979
0.059574730797240294,0.09135907081114979
0.05247945073848191,0.08871685206547499
0.055185605299970006,0.08563915373223732
0.07444783733788453,0.0854046165668235
0.07286897150649864,0.09308079516128093
0.07004682391465078,0.11224738644644663
0.08418506257246544,0.1058497189541965
0.11353030620888782,0.14243482887492484
0.11692510386813833,0.16160230273528414
0.09451694882289607,0.15176096881599505
0.09234138748587234,0.11071459828072541
0.08389975180228401,0.12441652284406686
0.0810021123936105,0.09345422128946022
0.08335201373733228,0.07758393341859306
0.06775349314459735,0.09402959522756295
0.06571290860981462,0.08854380570376982
0.05079464799436516,0.06973981147207674
0.054532954481243956,0.06666097662138869
0.05122410823745102,0.06338396049226468
0.046114014501370676,0.07008771533875346
0.057453339695040975,0.05472696832461053
0.04325661662157626,0.05388225920611289
0.04228906899891887,0.06350414046525388
0.040671063712971946,0.04984953331428279
0.046051776768285195,0.05463375226922344
0.04344226927206898,0.0519889789361769
0.03995031828231886,0.05785948021003556
0.04217843175875167,0.05468230539330653
0.037588985174608236,0.05017446637937004
0.05135360477240588,0.04957675879153485
0.03750987338277335,0.04780362075251676
0.04739244626681817,0.04364326963703416
0.04007858165330638,0.05120951412978533
0.047976550827337185,0.046898379471901626
0.041285182700690135,0.046922471161883195
0.04050748169529384,0.04500269118867619
0.03665878058501628,0.05217563677661175
0.03797016144762294,0.053315257389974106
0.0445495813827686,0.049561207110228066
0.042606171273587276,0.053458650618748195
0.03760135603180337,0.057503002839979916
0.03589954645499875,0.052957178182912755
0.04687498323410122,0.05345393098958573
0.04545505948741349,0.05301137130927231
0.05020193021638591,0.06185398346176125
0.052063051135637875,0.06190818248259711
0.05016228045195175,0.06545411022823347
0.05518443909872835,0.06122642915080525
0.06232727363637468,0.06176903926380958
0.06013015131555815,0.0692315761976965
0.050913076791378666,0.07363679355201852
0.07132972914329685,0.08629253750210947
0.07067476910793524,0.10045014494532477
0.0689463750067789,0.10034751371703479
0.07735017100368596,0.09842999411585844
0.08464128651080803,0.11597660647815816
0.0755635404084019,0.13202208986270605
0.11421862822321457,0.14305329484122178
0.11784131801986845,0.18670826197350102
0.11391657030810645,0.13540896189769472
0.0916568047360571,0.12997830795404938
0.08967763093960864,0.11837672805205678
0.07423860590286709,0.09954154276859074
0.08701144021376397,0.10238651483735603
0.07389424941217801,0.08357566045656914
0.06430081557450415,0.08581893793134096
0.0657885293433592,0.08473136453205514
0.048164943769219155,0.07125993787781872
0.05820638066927044,0.05801250681940428
0.05655848501695833,0.0581750195956046
0.050041465439166315,0.06914740736581165
0.042183334521594285,0.06682124426822365
0.04921337479257259,0.0524791972114401
0.05487268112257988,0.05298014772595355
0.050512727043425014,0.05520418097176742
0.05135794068860803,0.04599213027397737
0.045099239765742476,0.04610740224345124
0.042559406646237405,0.05232110645756983
0.03699273704917011,0.05183735178687452
0.04198411942453513,0.05002635298173912
0.04021903101551656,0.04842136320491593
0.038704175309940234,0.056322844919238224
0.04839809340682513,0.04137524476038783
0.041433834669991475,0.043266998075234576
0.04149833929907276,0.04191798087348969
0.03686469449594051,0.04300465656860563
0.04797353657014575,0.04724123677791843
0.04452048425739399,0.04253024360100844
0.04946886619177159,0.04246515404152009
0.04528190651672864,0.055514848072901794
0.03767407541709445,0.05815874885036342
0.04600707325899874,0.055471054883586605
0.04965594195079927,0.04788405711610482
0.04856744681416567,0.05622944515221671
0.04012014809666903,0.061981337981163294
0.050433304892679665,0.05633108154085185
0.05001641561032329,0.06218647355811001
0.05683417616905339,0.07755372448494958
0.056914793456141984,0.07146814145591322
0.061920102794509484,0.07783249119986972
0.06117616379901,0.0820348185518289
0.06029013683416433,0.08188904867827826
0.07088313819878521,0.08641173171479334
0.06951072558458941,0.09413551587013948
0.08847286886133035,0.10119082524074996
0.08725346023952064,0.106565116805691
0.10248297225385332,0.14331417167468835
0.11510936603351882,0.14716143343769525
0.14763299990458456,0.18283050473305099
0.14632933817415902,0.18836909404851848
0.11975067931032383,0.14894008317740115
0.09197702618869938,0.11067097964647112
0.08801801292288995,0.10461759821280808
0.07240284474664274,0.10082332605498334
0.06658184421366145,0.07713174511576926
0.05861814346549131,0.09751159982727921
0.060381172348542886,0.08325078242553424
0.06123508328911498,0.08248294150915217
0.06142988076306237,0.06397911303741298
0.0604356047252681,0.07143971442995617
0.05418844120407793,0.06648777022595144
0.06509957374139594,0.06509578790078474
0.05579778652218952,0.05495650252331307
0.044713008571504995,0.059217109662534385
0.055004124856007156,0.0502828849167732
0.04709162337589503,0.05251628138529541
0.05026791304147621,0.05291189616037969
0.05178625115541636,0.049677884662602395
0.048637987111942976,0.046570848482541366
0.04944029013654925,0.04259832407111195
0.04360522337605404,0.04830941227782941
0.03907277290993305,0.046743884639692826
0.04561686666498238,0.05595822470678684
0.03559689390603287,0.043696352488624336
0.04737078587975687,0.035656229814342834
0.04137740685147515,0.04103207759994675
0.05132197427914881,0.05335594058068139
0.047035277751699196,0.05299923502678346
0.046100156972456036,0.04954344696826188
0.03906384610846482,0.05637545040670642
0.04449804513499788,0.05567245785128025
0.056070560133744174,0.05564284453642916
0.048773403096437004,0.05506585895810748
0.04550358504431617,0.0575989426208415
0.05030047261884623,0.05858456839842101
0.04947689920613622,0.06641809509614018
0.056641119450508204,0.07056157642410249
0.054595010139947164,0.07264404802599762
0.054141882160149715,0.06692830649155208
0.06435602926047541,0.0811533565886634
0.06961336836375284,0.09537416464303448
0.05880634257941375,0.07655791966164514
0.0829068760544671,0.07773315868355275
0.0796744426819891,0.11248890231701572
0.08477781111708062,0.10601053528396001
0.07771836284419667,0.11146308358304167
0.11425385246121136,0.13345638419142875
0.11990238557046551,0.19499959432841893
0.17188459454768507,0.2143760048929444
0.13672822144744975,0.15443398596643043
0.1040562857647319,0.16093467054347085
0.11998684710762593,0.14584435473426033
0.09861803073466706,0.12328649456878818
0.09475466924961466,0.1035919238545287
0.07743053815012177,0.09207004988403127
0.06142795142073761,0.08650534238315635
0.06782482711834031,0.08175955204830204
0.057214906855129685,0.07783385437016557
0.0649813336581276,0.07976986789909121
0.06506180898351845,0.06428329639613377
0.05968171888660045,0.06140565972933724
0.047400671197115614,0.05780364629829537
0.04721116105672448,0.06306320418998682
0.04889120637557775,0.06277320732401508
0.052298937276838584,0.046556047573049056
0.04980226598226811,0.048490139456685025
0.049104056992334916,0.04695518483502534
0.04551443362442689,0.05345562493332451
0.04521860044837144,0.050617475302620514
0.04244170693590652,0.043953688014782846
0.041268914972026,0.05282583943966108
0.0462007156054153,0.049156856486523653
0.04121246293120969,0.037510802813828986
0.0406931870209715,0.03995726206574464
0.04597256737923484,0.05450114934001034
0.0494267997398459,0.050907795523102095
0.04240161951705884,0.04350848466435369
0.04926914569105053,0.05038424653955293
0.0523949023149173,0.04990117391268838
0.04717713685815305,0.04849369874598494
0.054566024883643614,0.04694408049693529
0.051670372892522236,0.05029411373032154
0.05860890999675519,0.05578160768947
0.04695547528510832,0.07085829730037313
0.05739558728195924,0.07238385101381263
0.055385550574977405,0.05702665849012698
0.05239283531316571,0.07759139568766431
0.0631916695448064,0.0654297521846915
0.05731656777906876,0.07662916277517026
0.06879146118970673,0.07782015246561723
0.05960002953564279,0.07990129698955968
0.07748519148621677,0.08934734912942192
0.07114447801352856,0.10043006260838523
0.08718519420787299,0.1004902012806804
0.09841350681967274,0.1208439552633304
0.09816940752354184,0.13329209158633473
0.10918613431517904,0.1500285086030322
0.12173321843330322,0.18025490694793403
0.196336299773097,0.24012050724391026
0.1571455074905513,0.1983974135160662
0.13421803454139736,0.16230920242637095
0.11748029582088552,0.12711593078653016
0.09016495822789301,0.12424411634368387
0.08041561094504118,0.1126621574223812
0.08429381964382913,0.105601914903905
0.07955631050535941,0.09446047960220415
0.07717461377521107,0.08218883705133401
0.06147864761509959,0.08798003574106741
0.0681198107447269,0.07519565210107086
0.06240978809373766,0.08127111052525061
0.061047849664887216,0.06749684829531938
0.05334664346526189,0.06770094840991153
0.05283693586381206,0.05676185231340569
0.05442540310837968,0.0632689365503929
0.050034238351736655,0.051503124246303746
0.054294904030289255,0.05267623620552718
0.05439823983890726,0.059704538180213845
0.04605247118079432,0.051210151287150105
0.04315505262180297,0.05347381093358658
0.039988071448968265,0.05595700095971809
0.04893883821081676,0.049437958448022776
0.04428964671731021,0.0477837337773893
0.03994415999427791,0.04826823757120028
0.03940077691173301,0.05617065479838594
0.038206773131376735,0.05250873987936163
0.04637374767111397,0.045984218193159565
0.052681325338155664,0.05009551648805148
0.04899565678806498,0.04557790779301654
0.04529647137041997,0.05449737550924919
0.04349430655023564,0.052009886096450776
0.05351095687026242,0.04486977843640569
0.047566566840498835,0.06615757875492158
0.045885466484222426,0.053943767554818396
0.04730042737207237,0.07294566862110366
0.060633370716216085,0.061552485147354556
0.05007524820503877,0.07221518674744398
0.05359999496015743,0.06595289503978226
0.06117993986852594,0.0747688510362418
0.06929096391858258,0.07340539165587243
0.07076549359182614,0.08688989450966489
0.0796613948020995,0.07840087409402693
0.07236898667049116,0.10510304038925285
0.08605649226997884,0.08688618210561438
0.08855524982906532,0.09924024898751976
0.09937060682370005,0.1297976145182763
0.10226600186980923,0.13609622896399287
0.12821589730374058,0.1663914208315388
0.14844208194596825,0.18040200215201943
0.21865867655501847,0.2726082409437488
0.15404673009140202,0.1834433035065742
0.14866230578298342,0.16954038916186395
0.12063008146032377,0.14949589407822048
0.10827295921796133,0.1338439848262639
0.09104353818376602,0.1267804575601604
0.08226690081536382,0.10674469780502097
0.08865375115291482,0.09588914953558478
0.07340278541535487,0.09102685029704613
0.06392945008722009,0.07931466950303435
0.07003043211955391,0.07520618145120474
0.05893110164880951,0.05607279715480889
0.05606712598367163,0.07094930495616625
0.057147177218287486,0.07339363517688037
0.0646241905876911,0.06775989079983998
0.05856885836788899,0.06542460254138303
0.04990837717619547,0.06265565179114027
0.045203200991054016,0.055757898702128994
0.05410872442361338,0.046778000358048376
0.05327274612016294,0.05005869380561796
0.05040865317643429,0.05930682772578493
0.04818659609124965,0.06115209092432846
0.04485033390714372,0.05113027083927831
0.050571000439525476,0.03900386603543447
0.050777296656167675,0.05211418054711753
0.046760549603037715,0.056176651264270565
0.05068060071736726,0.049178836078804224
0.050403709271854544,0.060191606531258754
0.047884578015841145,0.04994612878669312
0.04848716559284713,0.05170324901118834
0.05047503731322382,0.04753674571331765
0.05534784645893878,0.050868018898198405
0.04523222093639664,0.05660314887246847
0.04168671180977851,0.05650234888764533
0.052005807240230954,0.05768582712864707
0.053559830534403,0.049717290587519336
0.04750679647345313,0.06020005257588565
0.052764268849336333,0.07084640756367341
0.07040017166301557,0.06864706923389007
0.06161037482115414,0.0758394915814964
0.06424890108381247,0.07368043839248198
0.07314646653603923,0.08744344028043288
0.0735108902439779,0.09832742964583227
0.08035151906604869,0.10006393399714848
0.08374589651386348,0.10287226153221475
0.08166688873384968,0.12215520357277143
0.09874794383616867,0.11884529230096277
0.12951191654755062,0.151749087250851
0.14920807832723632,0.17282219523482462
0.21475027631850174,0.2904193799018236
0.26348656497834433,0.3065235183586958
0.2106181047746053,0.2694759674127072
0.1617754968455246,0.20906094955880042
0.14806339264556703,0.17685316169636695
0.11055618395771707,0.14345829143439917
0.0959002255510165,0.13275102724774177
0.08099025151045657,0.12450583226719968
0.08471264719168557,0.10594169181656381
0.07250779433635653,0.0913541686143233
0.07720833047372,0.0864675632688278
0.07700708638214733,0.09039255340199566
0.06413309628938046,0.06876388173980807
0.07335497292658241,0.0697738148562308
0.05115565316964695,0.06625925962129953
0.05091626050332267,0.06408685524281896
0.05768543162911023,0.061187179363733656
0.04944769419022702,0.06048170399307526
0.059254025489490804,0.05604502314000242
0.05776152258168059,0.05948040954428369
0.06162440715323248,0.04823099985981529
0.055902469459578136,0.06245762745854807
0.0550279294246534,0.05086596791024505
0.049781793468178744,0.053769372143495156
0.04736111644270611,0.0538192931600911
0.04601970859037331,0.04250200530338147
0.04839231471327042,0.049735379377132106
0.04149478545727672,0.05001658521980897
0.045033874853933314,0.05550519082124082
0.04285761882123893,0.055722385458029225
0.04722045720679042,0.04965853682148555
0.04623319299169882,0.061612456044889206
0.045501890550161524,0.053528537649209305
0.042821593260875215,0.04908641724628445
0.04968574442744479,0.058794906829379504
0.06221855030981238,0.055045802520754104
0.0573533538363705,0.06736503894755212
0.05541158049180793,0.06904816523574626
0.04975165483533631,0.06942154870507485
0.07311654447058151,0.07439435684396864
0.05782073366131379,0.0777043617163768
0.07512752260922632,0.08034700001596787
0.07477402950579885,0.08127173994270197
0.07330702285378064,0.09929056821117742
0.08013280075330452,0.10921003962247548
0.09836112558505351,0.11393051977428299
0.1080156540139875,0.12769360720729198
0.12074523239233528,0.13529382248402333
0.13297635589353096,0.16762321586117224
0.16094079554195678,0.17958329755388486
0.22442657123918391,0.2746936400782436
0.19973858114180454,0.23642019446934506
0.24989728482772106,0.29024043319448845
0.17839498214836544,0.2263655347954718
0.1460385815106038,0.1874303103943506
0.1269299992995697,0.16232549065651086
0.11241559193765237,0.14206618035245172
0.09858089717373777,0.11785388243652847
0.08944654138836747,0.10051711909097795
0.08386976619033173,0.09970256475848878
0.06680381811483875,0.10020522776821658
0.07751777623438269,0.08847545246602534
0.06167842474505174,0.076074137112346
0.06777001130000058,0.06201311884259116
0.05802465037564062,0.07319509317546145
0.05357707346168797,0.07282481891337268
0.05075485353709124,0.0712922792659228
0.058712960274822916,0.060770154753375334
0.05180749676521812,0.057482343492784985
0.050056112990518146,0.06135346815500785
0.055440856850671065,0.05729534098349082
0.045356833774702066,0.05267625100470435
0.05065676922963783,0.05066307828121688
0.05488845461163195,0.05629057623254042
0.04636936775745093,0.059882192948082065
0.047536988136613854,0.049223272366322
0.045162596682338574,0.06008905134586105
0.046316013071697915,0.05208349116978289
0.046980913353867594,0.056797553241661095
0.04598480688948234,0.05291044883173989
0.05595470257040161,0.05185191731704871
0.052349487994151706,0.05046051863670525
0.05276454620003169,0.06252265711007378
0.059990552742621044,0.060170152000918915
0.05553625580706685,0.06225941724916372
0.05590478460958246,0.0562477595104953
0.05115257881721041,0.05900898437624248
0.055620973693753906,0.07906432568585835
0.06539494257968667,0.06537323146911976
0.06984494425265257,0.06481853444754977
0.07153928775625076,0.07389097240062381
0.06841602973033944,0.0799097912227707
0.07192302646544,0.0983057330483017
0.07483636527332248,0.10313625051813051
0.08336397501183242,0.09745571000490444
0.11025501274854958,0.13534716039899067
0.1157621169511632,0.14656286419810027
0.13081484539245225,0.14235882356555185
0.1333393644257882,0.1607269155901175
0.19171702416359598,0.21891319119977212
0.2532706411090822,0.3186745779576498
0.21821661425511635,0.2531923994341769
0.25110698015436483,0.30604593157534943
0.2247458035566899,0.2667810010849904
0.18113942363706875,0.22021876050372
0.1557527760714039,0.1939345080818417
0.13817590304660946,0.15457569561354795
0.1043905579689667,0.1297420606605115
0.09474333905406085,0.11609956774076927
0.09587457535273507,0.11230860005726509
0.08677823162479628,0.09877092180886222
0.07002892135081028,0.09238128484145948
0.06953543677918089,0.09519433383539237
0.06533754188365294,0.06901509249542712
0.06138969455748396,0.06944430526740587
0.06122829305360002,0.06604114919310362
0.059952349912120353,0.06879522153064362
0.053265557462515836,0.053972352434569375
0.05889460935394736,0.06437250262265726
0.05112808987178009,0.06032388167896878
0.05460414031283758,0.06058484175079878
0.05445467980012384,0.04905260964941228
0.05107478396050129,0.05432981445987929
0.050861181178378574,0.05564524416423079
0.04925412161010811,0.05121776020626874
0.04658415905764743,0.05291383963882354
0.05985594271487569,0.05413489049820393
0.04811037131770432,0.055994414866507795
0.053319436053581123,0.04848882447789864
0.05974612908658812,0.053656275972915835
0.05652639934574078,0.05359551919760369
0.06529589012210775,0.05139314445420569
0.05323640097847566,0.05188847944471756
0.056098398272408326,0.06107388961189696
0.056619628432857866,0.060918018828881745
0.05429598752566597,0.07009570731812537
0.058732840679729,0.07222527466488061
0.07237290627098138,0.06382971639675965
0.0724888110005119,0.07490545339861679
0.07569228169717078,0.07902619984494193
0.07813056951830716,0.07978638247664024
0.0717926265402261,0.08745272004208084
0.08147727221238088,0.10268832134066072
0.0879259363833496,0.10295644840288636
0.10016280400607505,0.10248310422276591
0.10949360898150522,0.11544962093951022
0.11853245141516408,0.13953906237576894
0.16063170153741219,0.16927786338759745
0.18727594078728496,0.20634162058313096
0.2577117450114592,0.30841197828430084
0.23075463729674844,0.2899878430331468
0.23179628359403712,0.30370480154258367
0.1996358993430553,0.2563758571419641
0.23971485990576882,0.28366834060718993
0.22974772250550915,0.2571312122084752
0.15347194762195956,0.19145474526567735
0.14263434902265382,0.1655628390354464
0.11761452383415999,0.13488876137390512
0.10075301209617107,0.12190575396019565
0.10082212932598979,0.11717162653776603
0.09047766836754394,0.10554539760420563
0.08910688871685381,0.1003984644620843
0.0770734851004422,0.091246699263023
0.06980219458274661,0.09004584046471571
0.07898321477030859,0.06758005581483113
0.0721422553611475,0.061917538774190366
0.06955276662094928,0.06248879433840803
0.04945083632321959,0.05349344154697799
0.05532537482381978,0.053940722059982404
0.05320081479334886,0.05486250353545104
0.06285438978463323,0.05997665063009937
0.05005806020740656,0.06008756706036409
0.05296763550938528,0.05967555161377361
0.05444966221295528,0.0494112356200995
0.05252127727891298,0.06102093829017402
0.04847851971999565,0.05535170850838267
0.05579566706512026,0.04656209295983279
0.05677523615960844,0.05551395481653177
0.05708659407807335,0.06099275213121796
0.05702298096616946,0.055662800476940756
0.06637654931543294,0.056199397568558414
0.057868389010768996,0.05185246916137546
0.05551282080086811,0.051110065506197656
0.04937197668353098,0.06034120140238597
0.06051320105933221,0.0563974477120916
0.05912933018480195,0.06539577236048419
0.0645559422038077,0.0725015958360421
0.07009234975713419,0.06398762258835876
0.08188927401827285,0.07852470861866613
0.07412533819115019,0.0809620566195473
0.07349787306995728,0.08916733551212706
0.08379366270349263,0.08726302462221404
0.09460537720994135,0.10222663937873594
0.09430758588390775,0.11491860046512094
0.10426369211896008,0.11915919025816091
0.11093880489769369,0.13020767867828567
0.1456501850831573,0.1741018942823579
0.1721835354814783,0.2065468176510219
0.22818639150889514,0.24339437676776743
0.29901569115690346,0.3348743766641244
0.22213378870202344,0.25922217284264387
0.29273886325995857,0.3646329395322371
0.22261699658106832,0.2469565924035871
0.22487362660991145,0.2513517112264458
0.2691184450377083,0.30558466583043664
0.20627748784034083,0.2299777548315398
0.1596765350701696,0.19854812149081613
0.1231042550058726,0.16310840133284543
0.11911074668959973,0.13005513946163957
0.11847927144367085,0.11080439106861943
0.08436969844572416,0.10768911522195702
0.07139962576322156,0.0940615319055363
0.09130552148828527,0.09299543723602087
0.07137079271065455,0.08955470838400699
0.07459171112574678,0.09172794283894227
0.06788259706340191,0.058823622463879156
0.057398214948246186,0.06036442928632932
0.060370971726341115,0.06310273083186188
0.05928049347014282,0.06597472783369245
0.06453403303845473,0.06597961806504225
0.058944052213051386,0.06044969078975273
0.059010203661532194,0.06657269755488292
0.06411960140152906,0.05069482248542166
0.06800017316154087,0.05867965782932462
0.05513260498790739,0.06212416579750767
0.05308078162116009,0.056675944546797974
0.060681995329626016,0.04945292231332251
0.05591180662210107,0.053114516036526165
0.051462048634121495,0.05027072085046032
0.061132411754945756,0.05625774758691498
0.0483810913000554,0.053396194252529026
0.060318528919890466,0.0666644070877484
0.06834376201540633,0.06737485444723232
0.06324748380941386,0.0638774085781376
0.0663798178443758,0.06168240275061591
0.07054142324755142,0.07288867512114487
0.056851857203506564,0.06819273429231341
0.062103592336673,0.08964505272934173
0.07156418728592132,0.07406387889848402
0.07518680560842182,0.08237548817931127
0.09124753012919684,0.08933703283343243
0.09691018640146709,0.10374285173108658
0.1009271101564072,0.11292550107403719
0.11307092162161207,0.12343155276969138
0.11723084291891134,0.11743514164621528
0.13925604763686408,0.16744355920750711
0.15757983751630983,0.18670819191108567
0.18536510676499265,0.2272328291210738
0.27520365742882225,0.3106568305094333
0.24887361259790244,0.28167966242153597
0.2362327181270421,0.2539177672078329
0.40579599196706234,0.452681704916801
0.2654130941610768,0.28116419833079154
0.20976684341397217,0.21568712305651738
0.19282933887796713,0.2150317109698301
0.27689927295227845,0.3130238947573983
0.19504033621288305,0.24082756851715445
0.15139319129582043,0.19294040192259942
0.12569593561548956,0.14050622336444568
0.12158516647099023,0.13010047282759532
0.1014470160482893,0.1191819097585217
0.09042767780056468,0.12000956540402127
0.08429349476000773,0.09084903355127477
0.08409389300096702,0.09437519455882944
0.08085460494302983,0.09373006040895397
0.0768563732304641,0.07551009475052553
0.05734777452665553,0.07255291025045965
0.07380139285607425,0.07023880991954862
0.057948764153619256,0.05527739707411255
0.06425961711626806,0.05902712773613377
0.06316615081484687,0.06340127908676917
0.04783171528798706,0.06890004417378918
0.05268944263041389,0.06085718941422256
0.054949734409000535,0.06858924259114005
0.0625502247178841,0.06091897353288308
0.063986451880014,0.05435232338726029
0.0634627647800452,0.05750357130930688
0.05987294307135427,0.06174533962262752
0.05213074598863875,0.06161061984591011
0.061138125393369595,0.05829331854677012
0.06438585646581581,0.061567985768670765
0.060155434151285186,0.06069453781820379
0.06408156049246289,0.056087065536917384
0.058991665992923804,0.0576953589268344
0.0699126000994766,0.061249986316000454
0.063148044235738,0.07156592332236358
0.05870968419706659,0.06617059222996372
0.07166378234740646,0.07755193987342601
0.0845396896390978,0.08782026430720716
0.07994094254791136,0.09715823986109216
0.08863625665191845,0.0931426758564451
0.09860072605529545,0.12077340794862966
0.11128016129151792,0.13221290647137796
0.10071790014474898,0.12828804810703154
0.12475802865630854,0.13829307991295903
0.14964611204352912,0.17156647797210942
0.22010749441376176,0.2495978677766923
0.26081579392395104,0.3020429240299104
0.22066597408311675,0.24238395140007044
0.24576829401711964,0.2770647499515256
0.2544754301671124,0.296012056823733
0.49799662253700383,0.5587721643415366
0.36894451366665615,0.3804359159863443
0.24388635288950025,0.27390487843611117
0.2037753742674291,0.22544077285769829
0.24151132970215153,0.26338772538698807
0.220385310714438,0.2478138318974846
0.1710639883076476,0.2060740058308848
0.13944145602934482,0.16777391581511883
0.14665989651362052,0.14665978267289353
0.12387144071097522,0.1389039904334185
0.10530914272197481,0.12103899243843563
0.09716224521238179,0.10008709450188029
0.08388127526633168,0.09353210223472107
0.0818802644826173,0.09937814661074532
0.0797725001598249,0.081900708811699
0.07649388797868918,0.07769418899053643
0.07325504294600607,0.08267579971134528
0.06477492182325799,0.07400956164370581
0.06934620992464845,0.05655169476212409
0.08130534679712431,0.06261372282340837
0.0611152059255967,0.07081277272097362
0.06559959099647214,0.05438839217361144
0.052906540296911116,0.06150452410754838
0.05872469253040132,0.060888806485750756
0.05605329646324015,0.059890939458734124
0.05907055274313807,0.049220943009974885
0.04967720772250518,0.05473714989403132
0.06203693603399989,0.05820833378122128
0.06981474191191454,0.05594660562061181
0.052987199244724545,0.056731744721878224
0.06949019082389289,0.06630268609714698
0.07485732093702972,0.0688578840056606
0.062178554479452045,0.06905299380908148
0.06230596970830395,0.06605426833809709
0.07665267012957276,0.07221034493349365
0.06558557104730524,0.07807071754870276
0.07981832508785869,0.08369658154149691
0.07762028934663179,0.09472964368880031
0.09423579637479447,0.10341898740701713
0.08144183308627938,0.09095440749089252
0.10183378454893291,0.1241115929566108
0.11336214169556674,0.1318214875017876
0.13334978329262626,0.12434863094819947
0.15295009275861607,0.166585778878314
0.17694032748731475,0.19973000863514123
0.2790988915191522,0.30030564196373116
0.2435585745326334,0.2757462195309504
0.21557675274037136,0.2414951051838974
0.26374348853260776,0.31282857348246035
0.3712289454475165,0.42861665637446833
0.5735527287239506,0.6592227999612423
0.48382716564581957,0.536265278601417
0.3337225958893247,0.38960108376489017
0.24694838878393735,0.26355921271024574
0.2036441466498832,0.23795373477494286
0.23480097836655228,0.2605620866649266
0.23701478350322513,0.2782460637508412
0.19086956595810706,0.21942375537497946
0.13792404444891115,0.1671246633651766
0.12204252196688233,0.14453631143424883
0.11587838035111132,0.124903330383804
0.09490499992339317,0.11035552733385737
0.09182559782657004,0.11448019410924817
0.0724530489061689,0.08768843789201884
0.07462323569228019,0.08905951704101327
0.08140948598050085,0.08149238161860788
0.07939307878028701,0.08535185522087389
0.0710198350362936,0.06305127675889734
0.05815045473222693,0.06623274824264495
0.06949769243553838,0.06272014927709214
0.060630785141538794,0.06286162832501278
0.061742827032908676,0.052544849488322165
0.06092496590530058,0.05948369228298535
0.06376666180789803,0.05649375784203984
0.07050672662348409,0.057764317534915406
0.05395394763720585,0.06171163968227556
0.05822108139383518,0.05165665427378585
0.0644760600890567,0.06090910252872923
0.06415875102676646,0.049941896114847534
0.06430573340196542,0.06633379185274682
0.06096905078113963,0.0651443350049637
0.0719153203502955,0.06295830273229587
0.07293665002058639,0.06964879133055099
0.07158495773696634,0.07587686352783714
0.08538277007962393,0.08574105408549243
0.07502584413834738,0.07998266493434551
0.08450468002001281,0.09075432137152865
0.07758419433657815,0.08477023618730521
0.08581548416229642,0.09663933437320801
0.10516471019512406,0.11181741547590453
0.11236740664761562,0.131794987607574
0.11645755261594115,0.136863845078759
0.13307690303492195,0.15684847724800388
0.1853619455196119,0.22976310410925244
0.1905820827333256,0.22953896539771962
0.2398221255290559,0.27667371688683434
0.21226351646411135,0.24932546341784992
0.26501816161261643,0.2839887658504061
0.3519511645286429,0.3655768375032146
0.4671533518900992,0.5188683799002395
0.5313169636244854,0.6071763887727205
0.6434216124431344,0.6889104888163484
0.4566288643401896,0.5118680893483607
0.363671609165136,0.39818553259173445
0.21279970588278177,0.21581659876549592
0.24836153526052007,0.2674257412999998
0.27524967220706825,0.3074572989967062
0.2271945160624306,0.2473775192760216
0.16851498603519688,0.19549605961116437
0.15798041405297694,0.16253524735389221
0.11203094459388101,0.13453717565055995
0.11229594868129156,0.12307521320530006
0.09193384484102958,0.10460064463752493
0.08380208321597662,0.09531450282630045
0.08261681853822862,0.08388703053872731
0.06662427326124423,0.08161182414668045
0.08806520537366973,0.08280430026873614
0.07590724279520893,0.07309686543884986
0.06378659481620123,0.07522535890062232
0.07427821324875074,0.07445872049731268
0.057552777847673944,0.06187919203461753
0.06634040740365883,0.07450810163083717
0.056975111403618446,0.06872936983645725
0.07556237038073468,0.0633121166120585
0.06283377489544864,0.06614817080707215
0.0711028109780665,0.05863130810457401
0.07141652129624779,0.06046595681163161
0.060455350938524464,0.0661845186937524
0.0647818346985999,0.05320973737435393
0.0721613276477354,0.05619908136756063
0.06432265492323919,0.06461655329337497
0.06062725447891383,0.06836109025859942
0.07335009602366911,0.06194163361529377
0.08039432311440425,0.07667575604058037
0.0865213664932998,0.0798641485070262
0.0829145656276054,0.091602024012737
0.08915904565374828,0.08960602606751347
0.08815594915831505,0.07909544044635464
0.09690749593562623,0.11624349354969543
0.11643756374448916,0.11000854442513425
0.13546726106966284,0.14216589778194597
0.14712619595930612,0.16991718528363872
0.17722086260624811,0.1793287464393466
0.2060943478627408,0.24381987584546044
0.2475067886403618,0.2790762740192985
0.24061453404383246,0.25581607387165123
0.2280034489738877,0.2634576384275311
0.3154621275531742,0.3678938076711178
0.4512713438682066,0.5102811113337266
0.6135758466800754,0.6849564588807737
0.2702847750330023,0.2907285433690631
0.5267676958500139,0.6085924226733933
0.5512002250573703,0.5997522579545936
0.38651256855251964,0.4238778343056336
0.2935023290921794,0.33170058166615907
0.21688835070829784,0.22891278173801738
0.22368597833011936,0.2390937294601731
0.2760029856762799,0.30401329760008555
0.1898360316851714,0.22373848924494394
0.16357988167111007,0.1676567452731007
0.13346917569719802,0.155689713851129
0.13239617389776873,0.14839747162748979
0.11833170568049119,0.13133761149559747
0.11224244669716271,0.11639587671876267
0.0794030712242253,0.1013663208619587
0.08982514969528463,0.08311908834797654
0.08542188821972081,0.07168596652928307
0.07615923204767915,0.07968814220035005
0.07956471167083452,0.0619053409120496
0.08061676885846546,0.05750808698354891
0.07272398174984374,0.06672884401940961
0.0642638631065618,0.06457695679647066
0.06831076544489734,0.06719367162795274
0.07463009604762355,0.06080582547326558
0.06613509216705207,0.07695636451253987
0.07501955606562068,0.052928608549964694
0.06187335669939494,0.07705979712716163
0.07018787475738308,0.0652202080058269
0.0628900290520416,0.07482135475229505
0.06234209937152312,0.0650107785232539
0.05350855322194446,0.07073118401844512
0.08296358484124643,0.07554743389070617
0.074326163049461,0.07568992597683726
0.06879060514766376,0.08838690357824372
0.07987927969065661,0.06891866569904753
0.08260017722909209,0.07694686505561071
0.10242666216049176,0.10675446436837435
0.10936940242917599,0.11237999379376332
0.0992772546382943,0.11736329418947346
0.10929395652347956,0.1227889923645532
0.14235105288895103,0.15184845943393482
0.1433276495782365,0.18041003331020167
0.21268350275869977,0.24063279130916848
0.2738466491707903,0.2916461066399733
0.22758987209235274,0.2504328532930054
0.2430710617870707,0.25635732430574376
0.3267246148314578,0.35905300540064544
0.44700934203113146,0.48834943108106693
0.5604675738845756,0.5798203800963032
0.5735337588493243,0.6499684436364547
0.19218122742366198,0.24386558422506985
0.29841078227343054,0.3336094674568281
0.5094584321705291,0.5284170964735452
0.509909811763817,0.527697531478929
0.35679682752031133,0.37792313883568884
0.28992968889716714,0.2940432829724841
0.20058050102426614,0.21243304488346068
0.21811928791612328,0.20709218287972167
0.2855890146317757,0.3075375712100141
0.21492650294203305,0.2302628012697056
0.16696503285431655,0.18112019108511154
0.1316502922611361,0.13300628469495018
0.12094827780646861,0.12458732617756615
0.12180924466781783,0.1055784144147194
0.10079739426665445,0.09489664951707492
0.09599663371505805,0.0927110798350344
0.10372264912658773,0.09017692995624677
0.06830487216365219,0.0865741723559043
0.0817712149792602,0.0858859679046194
0.0761834833407656,0.0674891667811134
0.08546841962876582,0.06622116410396
0.0765603621539355,0.07517433656526849
0.07782255354736538,0.06856761193525183
0.06810786824081928,0.06991575162811922
0.0717306084041007,0.06382660809177326
0.06906267929943725,0.06978087674591
0.07070275756153364,0.06703787395466314
0.07550536297329143,0.06815963991201919
0.0665473152101455,0.0646683625042059
0.07748665185064313,0.07768392321326091
0.08115055115711742,0.07737975916684185
0.09096129069956205,0.08126796182035706
0.07345952214612775,0.07161976851327422
0.08527152279963363,0.09116399413874879
0.0822966483000466,0.09413517770384777
0.1019071619490606,0.0986903630732963
0.11848961871108958,0.10744075732459805
0.11426228035293805,0.10248444123341667
0.11834416839073487,0.11596173877055917
0.15238873266179853,0.14381856156655412
0.15340531565961313,0.1677307577738092
0.21044890698299626,0.21943959606816585
0.2603999438102883,0.28780340026369067
0.19356446593904808,0.21090823767415307
0.2339554046269579,0.25391589907436024
0.30798149754241216,0.32513591236100026
0.40931262774555704,0.4472828850008971
0.553213544886141,0.6072339213689683
0.615708461417933,0.6435937005063175
0.273502211027284,0.3132122185691144
0.17329754746128573,0.17877643459064455
0.20182545231972904,0.22423630315729315
0.4710369460889437,0.508733834266597
0.6911383072748392,0.763121963183222
0.4990603461838277,0.549758192546446
0.386534063427488,0.4000453526739863
0.28510060966471157,0.30245135299968223
0.19820956600893333,0.21764920892749076
0.2700720886283197,0.28794164951051104
0.22539717919218366,0.24432202486482568
0.19443612352416723,0.21990590197425372
0.14240234543590416,0.15047626218778354
0.13128924204039993,0.14113237123542294
0.13049472582324337,0.1335041214116684
0.11688729705332275,0.11549445664949679
0.09825154231496587,0.11108211608446468
0.09705089767390075,0.09746026481250077
0.09630732184071494,0.09631578928313453
0.07211221653787972,0.08714106043604725
0.07786304446204252,0.07985535014094389
0.07308214763601006,0.07467414491893604
0.06560770681877025,0.07210732265181613
0.071637629786957,0.07347078742217474
0.07756031019119819,0.06464365037422683
0.06727724805772405,0.059528882252848705
0.07898749663020299,0.06562063094720626
0.06611647548392123,0.08428568971996557
0.07880696433992039,0.07121541442572225
0.08125340881303392,0.06994255059180683
0.07619663587947743,0.06974542733680697
0.07022399874003765,0.06778997605447735
0.09353578415726752,0.06998061308733333
0.0874219329150059,0.0875904835776029
0.08520240032169893,0.07494908533719252
0.09405728877041833,0.0971948534422666
0.10045340840782428,0.09545569021778524
0.12731332389568317,0.10850239877521556
0.12100272404642927,0.12956855195337255
0.13986699886251447,0.14564506793155574
0.13644983598507535,0.16282489481689746
0.20727417804428638,0.20980908495257658
0.2720672259829467,0.30786258213668327
0.2584167966414085,0.26272126892192743
0.19554159972772225,0.20765759416086219
0.29551080662438567,0.28109993639755676
0.37599668507401246,0.4175515827623543
0.5473643416296345,0.546119777785496
0.5843500205370497,0.6590747038397301
0.5120971770028305,0.5223748158976665
0.21102690780889075,0.24272527927402576
