variable   dC_x               dC_y                 dC_z
x1         160815.2929512177, 0.6158007611889296, -25.115686340329002
x2         1.1504686092678185e-10, 0.0017991204499454047, -5.46229728115577e-10
x3         0.0, -1.4016565685892598e-11, 19.394554732623497
x4         235.46747731618896, 5.1243731480355134e-11, -2.1327349608579738e-08
x5         -2.9314328742202504e-08, -0.0032996010562030853, 1.0436096431502321e-10
x6         3.6295688676802e-08, 5.93275428784068e-12, -8.7585367612264
y1         0.009220042009039364, -1.12757026000531e-11, -1.3544720900426912e-10
y2         -4.3659520443400437e-10, -0.0014942187745101147, -1.0214051826551448e-10
y3         -2.086054107230952e-06, 4.753142324499569e-12, 1.96154460540221
y4         160628.76821567773, -12.134287948495805, -44.93021473485294
y5         7.494005416219807e-11, 0.001799123466594835, 2.2226664952995646e-09
y6         6.494804694057166e-10, -6.342165334571879e-07, 19.394554728415798
z1         235.46747731590446, -5.2652326942848e-10, 2.6512149680496533e-08
z2         2.9338476092988002e-08, -0.0032996010570010546, 2.908784324515325e-10
z3         -3.6295411121045485e-08, -2.8796409701214998e-12, -8.758536761186434
z4         0.009220041964630445, 8.985867600389982e-12, 2.3092638912203248e-10
z5         4.776734563450059e-10, -0.0014942187736080549, -8.88178419700125e-11
z6         2.086015249425089e-06, 1.3877787810076279e-12, 1.9615446048937248
