variable   dC_x               dC_y                 dC_z
x1         30666.826560488847, 1.813190681592546, -47.10234682518698
x2         2.321375415125327e-12, 0.008656391417005695, -9.608475631301335e-11
x3         -1.13646465975266e-09, 4.283980922528935e-06, 25.58780118385668
x4         25.33338229488459, 2.2729293195053182e-10, -2.0189910349637844e-09
x5         -2.4281082195381343e-09, -0.0032996011596304496, 3.6334571820282654e-12
x6         1.0431049963181838e-10, 2.9648001225785406e-13, -8.758536761582683
y1         -0.03514006395977099, 2.8985652277270294e-12, 1.332267629550188e-11
y2         -2.526570619387768e-07, -0.0014942188964201727, -2.503048273700354e-11
y3         1.8826268826705395e-07, -2.775557546523244e-13, 1.961544606643436
y4         30733.684794268855, -0.15315619991910062, -0.957187017184179
y5         -1.9075650150377687e-11, 0.00865639554898454, 0.0
y6         -2.140913708940802e-09, -1.573757595200883e-06, 25.587801174933134
z1         25.333382294923315, -6.5222133249776e-10, 2.115481874272311e-09
z2         2.4315398179779083e-09, -0.0032996011598985455, 3.8353159092664e-12
z3         -1.0214051826554377e-10, -4.951847013242886e-13, -8.758536761553813
z4         -0.03514006396173913, -3.535681818229797e-12, -9.689219124001362e-12
z5         2.526548414927277e-07, -0.0014942188967071908, -2.0185873175004566e-13
z6         -1.8826465638968888e-07, -7.443540729522387e-13, 1.9615446066468678
